0 315
0 316
0 317
0 318
0 319
0 320
0 321
0 322
0 323
0 324
0 325
0 326
0 327
0 328
0 329
0 330
0 331
0 332
0 333
0 334
0 335
0 336
0 337
0 338
0 339
0 340
0 341
0 342
0 343
0 344
0 345
0 346
0 347
1 48
1 53
1 54
1 73
1 88
1 92
1 119
1 126
1 133
1 194
1 236
1 280
1 299
1 315
1 322
1 346
2 20
2 115
2 116
2 149
2 226
2 312
2 326
2 333
2 343
3 9
3 25
3 26
3 67
3 72
3 85
3 122
3 142
3 170
3 188
3 200
3 228
3 274
3 280
3 283
3 323
4 78
4 152
4 181
4 195
4 218
4 273
4 275
4 306
4 328
5 87
5 122
5 156
5 158
5 169
5 180
5 187
5 204
5 213
5 235
5 315
5 316
6 89
6 95
6 147
6 219
6 319
7 22
7 31
7 38
7 65
7 87
7 103
7 129
7 136
7 168
7 213
7 246
7 291
7 304
7 308
7 315
7 322
7 339
7 340
7 347
8 91
8 110
8 193
8 201
8 245
8 259
8 264
9 21
9 25
9 26
9 30
9 56
9 66
9 67
9 69
9 72
9 75
9 79
9 85
9 105
9 113
9 119
9 122
9 128
9 133
9 134
9 141
9 142
9 148
9 156
9 161
9 169
9 170
9 176
9 185
9 186
9 188
9 199
9 200
9 203
9 224
9 231
9 232
9 252
9 258
9 271
9 272
9 276
9 277
9 280
9 285
9 291
9 295
9 297
9 304
9 315
9 322
9 323
9 329
9 334
9 341
9 342
10 67
10 142
10 169
10 200
10 277
10 285
10 291
10 323
10 332
13 21
13 26
13 56
13 59
13 65
13 67
13 82
13 98
13 109
13 118
13 119
13 148
13 172
13 188
13 199
13 211
13 223
13 236
13 238
13 239
13 252
13 261
13 265
13 271
13 277
13 304
13 313
13 325