[-0.41959767  0.28482986 -1.29543043 -0.27259857 -0.14204428  0.41478227
 -0.12367763  0.14658311 -0.98284286 -0.6670796  -1.46205969  0.43866719
 -1.07847378  0.15812692]
[-0.39002875 -0.48772236 -0.59189691 -0.27259857 -0.74348917  0.19537832
  0.3646507   0.56504666 -0.8678825  -0.98821427 -0.30343944  0.43866719
 -0.49428695 -0.10349342]
[-0.41715745 -0.48772236 -0.59189691 -0.27259857 -0.74348917  1.28384988
 -0.26981968  0.56504666 -0.8678825  -0.98821427 -0.30343944  0.39398324
 -1.21188182  1.32451761]
[-0.41656631 -0.48772236 -1.31464458 -0.27259857 -0.83937169  1.01743079
 -0.81517906  1.08751779 -0.75292215 -1.10715304  0.11366385  0.41374519
 -1.36495001  1.18280659]
[-0.41229795 -0.48772236 -1.31464458 -0.27259857 -0.83937169  1.22971124
 -0.51576607  1.08751779 -0.75292215 -1.10715304  0.11366385  0.43866719
 -1.02932344  1.48803033]
[-0.41685955 -0.48772236 -1.31464458 -0.27259857 -0.83937169  0.20820062
 -0.35536625  1.08751779 -0.75292215 -1.10715304  0.11366385  0.40814597
 -1.04617499  0.67046676]
[-0.41005905  0.04877224 -0.47365598 -0.27259857 -0.26407658 -0.3873244
 -0.07377546  0.84815721 -0.52300145 -0.57787552 -1.5084045   0.42439468
 -0.03227381  0.0382176 ]
[-0.40351222  0.04877224 -0.47365598 -0.27259857 -0.26407658 -0.15937224
  0.97773445  1.03422583 -0.52300145 -0.57787552 -1.5084045   0.43866719
  0.9114126   0.4960532 ]
[-0.39575169  0.04877224 -0.47365598 -0.27259857 -0.26407658 -0.93013548
  1.11674762  1.09701206 -0.52300145 -0.57787552 -1.5084045   0.32591433
  2.42524288 -0.65943665]
[-0.40054602  0.04877224 -0.47365598 -0.27259857 -0.26407658 -0.398722
  0.61416153  1.34033256 -0.52300145 -0.57787552 -1.5084045   0.32679264
  0.62353207 -0.39781631]
[-0.39416328  0.04877224 -0.47365598 -0.27259857 -0.26407658  0.13269147
  0.91357452  1.22325246 -0.52300145 -0.57787552 -1.5084045   0.3905798
  1.09397098 -0.82294936]
[-0.40666345  0.04877224 -0.47365598 -0.27259857 -0.26407658 -0.3915985
  0.50722832  1.16600058 -0.52300145 -0.57787552 -1.5084045   0.43866719
  0.08568699 -0.39781631]
[-0.40942019  0.04877224 -0.47365598 -0.27259857 -0.26407658 -0.56256262
 -1.057561    0.79586716 -0.52300145 -0.57787552 -1.5084045   0.36840251
  0.42833503 -0.09259258]
[-0.34704966 -0.48772236 -0.43374967 -0.27259857 -0.14204428 -0.47708056
 -0.2448686   0.44119175 -0.6379618  -0.60166328  1.17959449  0.43866719
 -0.61786493 -0.23430359]
[-0.34609544 -0.48772236 -0.43374967 -0.27259857 -0.14204428 -0.26764951
  0.56425936  0.32401623 -0.6379618  -0.60166328  1.17959449  0.25334408
 -0.33700588 -0.47412224]
[-0.34732545 -0.48772236 -0.43374967 -0.27259857 -0.14204428 -0.64092117
 -0.43378394 -0.28628883 -0.6379618  -0.60166328  1.17959449  0.42461426
 -0.58837473 -0.28880783]
[-0.29769015 -0.48772236 -0.43374967 -0.27259857 -0.14204428 -0.49702637
 -1.40331172  0.34152577 -0.6379618  -0.60166328  1.17959449  0.32832968
 -0.85378654  0.06001929]
[-0.39002875 -0.48772236 -0.43374967 -0.27259857 -0.14204428 -0.41866782
  0.46445503  0.22668804 -0.6379618  -0.60166328  0.29904309  0.32723179
  0.28228832 -0.55042817]
[-0.32692393 -0.48772236 -0.43374967 -0.27259857 -0.14204428 -1.17945815
 -1.14310757  0.00655455 -0.6379618  -0.60166328  1.17959449 -0.74606132
 -0.13619166 -0.25610529]
[-0.33587374 -0.48772236 -0.43374967 -0.27259857 -0.14204428 -0.79336418
  0.02959331  0.00655455 -0.6379618  -0.60166328  1.17959449  0.37334299
 -0.19376777 -0.47412224]
[-0.27466572 -0.48772236 -0.43374967 -0.27259857 -0.14204428 -1.01704224
  1.04902325  0.00722249 -0.6379618  -0.60166328  1.17959449  0.21546702
  1.17401581 -0.97556123]
[-0.32118354 -0.48772236 -0.43374967 -0.27259857 -0.14204428 -0.45428534
  0.73178806  0.10951252 -0.6379618  -0.60166328  1.17959449  0.39068959
  0.16432752 -0.32151037]
[-0.27691393 -0.48772236 -0.43374967 -0.27259857 -0.14204428 -0.20211327
  0.82089907  0.09262321 -0.6379618  -0.60166328  1.17959449  0.37861284
  0.8510279  -0.80114767]
[-0.3053122  -0.48772236 -0.43374967 -0.27259857 -0.14204428 -0.6708399
  1.11674762  0.14906402 -0.6379618  -0.60166328  1.17959449  0.41275709
  1.01392615 -0.8774536 ]
[-0.3330274  -0.48772236 -0.43374967 -0.27259857 -0.14204428 -0.51269808
  0.90644564  0.29429297 -0.6379618  -0.60166328  1.17959449  0.41045153
  0.51118845 -0.75754428]
[-0.32252176 -0.48772236 -0.43374967 -0.27259857 -0.14204428 -0.97572591
  0.60703265  0.32053341 -0.6379618  -0.60166328  1.17959449 -0.5876364
  0.54067865 -0.94285869]
[-0.34214477 -0.48772236 -0.43374967 -0.27259857 -0.14204428 -0.6708399
  0.7709969   0.42902573 -0.6379618  -0.60166328  1.17959449  0.21887047
  0.30194846 -0.6485358 ]
[-0.30911276 -0.48772236 -0.43374967 -0.27259857 -0.14204428 -0.33745986
  0.7175303   0.31996089 -0.6379618  -0.60166328  1.17959449 -0.55513899
  0.64880938 -0.84475106]
[-0.33038237 -0.48772236 -0.43374967 -0.27259857 -0.14204428  0.30080619
  0.91713896  0.32058112 -0.6379618  -0.60166328  1.17959449  0.34029663
  0.01968511 -0.45232055]
[-0.39002875 -0.48772236 -0.43374967 -0.27259857 -0.14204428  0.55582767
  0.66406369  0.21767086 -0.6379618  -0.60166328  1.17959449  0.25564964
 -0.0954671  -0.16889851]
[-0.28874383 -0.48772236 -0.43374967 -0.27259857 -0.14204428 -0.81331
  0.90644564  0.21480827 -0.6379618  -0.60166328  1.17959449  0.03541376
  1.39589446 -1.07366886]
[-0.26268803 -0.48772236 -0.43374967 -0.27259857 -0.14204428 -0.30184234
  1.11674762  0.18713653 -0.6379618  -0.60166328  1.17959449  0.21722364
  0.0533882  -0.8774536 ]
[-0.25881649 -0.48772236 -0.43374967 -0.27259857 -0.14204428 -0.47565586
  0.47514835  0.09887321 -0.6379618  -0.60166328  1.17959449 -1.36515909
  2.11348933 -1.01916462]
[-0.28631059 -0.48772236 -0.43374967 -0.27259857 -0.14204428 -0.83040641
  0.9385256   0.00211753 -0.6379618  -0.60166328  1.17959449  0.02004336
  0.79906898 -1.03006547]
[-0.23265364 -0.48772236 -0.43374967 -0.27259857 -0.14204428 -0.26764951
  1.00624997 -0.01095499 -0.6379618  -0.60166328  1.17959449  0.37861284
  1.07852373 -0.98646208]
[-0.41286583 -0.48772236 -0.7559562  -0.27259857 -0.48199139 -0.49987578
 -0.01674442 -0.20155604 -0.52300145 -0.76817755  0.3453879   0.43866719
 -0.41845501 -0.39781631]
[-0.40899429 -0.48772236 -0.7559562  -0.27259857 -0.48199139 -0.63094827
 -0.25912636 -0.1931591  -0.52300145 -0.76817755  0.3453879   0.22633609
 -0.17551193 -0.27790698]
[-0.41100744 -0.48772236 -0.7559562  -0.27259857 -0.48199139 -0.61812596
 -0.96844999  0.07225108 -0.52300145 -0.76817755  0.3453879   0.43866719
 -0.54624588 -0.16889851]
[-0.39996302 -0.48772236 -0.7559562  -0.27259857 -0.48199139 -0.45286064
 -1.37123176  0.03079118 -0.52300145 -0.76817755  0.3453879   0.40057056
 -0.35526172  0.23443285]
[-0.41711789  2.73124524 -1.20083769 -0.27259857 -1.10086946  0.44327629
 -1.67064475  0.77210763 -0.75292215 -0.92874489 -0.07171539  0.42472404
 -1.17115726  0.89938456]
[-0.41642434  2.73124524 -1.20083769 -0.27259857 -1.10086946  1.05447302
 -1.88451117  0.77210763 -0.75292215 -0.92874489 -0.07171539  0.42461426
 -1.49976235  1.34631931]
[-0.40550327 -0.48772236 -0.61554509 -0.27259857 -0.92653761  0.69259897
 -2.34432398  0.9246839  -0.75292215 -1.04173672 -0.25709463  0.31252012
 -1.09813391  0.44154896]
[-0.40386714 -0.48772236 -0.61554509 -0.27259857 -0.92653761 -0.16364634
 -2.21243968 -0.28628883 -0.75292215 -1.04173672 -0.25709463  0.29012325
 -0.96191727  0.29983794]
[-0.40178882 -0.48772236 -0.61554509 -0.27259857 -0.92653761 -0.1038089
 -2.21600412  0.9246839  -0.75292215 -1.04173672 -0.25709463  0.37861284
 -0.73301714  0.23443285]
[-0.40605601 -0.48772236 -0.61554509 -0.27259857 -0.92653761 -0.30611644
 -1.0219166   0.9246839  -0.75292215 -1.04173672 -0.25709463  0.35621597
 -0.43671085 -0.14709681]
[-0.40038544 -0.48772236 -0.61554509 -0.27259857 -0.92653761 -0.85747573
 -1.2429119   0.62864396 -0.75292215 -1.04173672 -0.25709463  0.43866719
 -0.34402736 -0.35421292]
[-0.39841417 -0.48772236 -0.20465787 -0.27259857 -0.92653761 -0.70930682
 -1.26073411  0.62864396 -0.75292215 -1.04173672 -0.25709463  0.43866719
  0.20926497 -0.27790698]
[-0.39002875 -0.48772236 -0.61554509 -0.27259857 -0.92653761 -0.36167978
  0.59990377  0.90965528 -0.75292215 -1.04173672 -0.25709463  0.39299515
  0.86226226 -0.6485358 ]
[-0.39079095 -0.48772236 -0.20465787 -0.27259857 -0.92653761 -1.26066611
  0.94921892  0.99581936 -0.75292215 -1.04173672 -0.25709463  0.43866719
  2.54882086 -0.88835445]
[-0.39475908 -0.48772236 -0.61554509 -0.27259857 -0.92653761 -0.97145181
 -0.23773972  1.09968382 -0.75292215 -1.04173672 -0.25709463  0.43866719
  0.4971455  -0.34331207]
[-0.41000785  0.41358857 -0.80325257 -0.27259857 -1.00498694 -0.45713475
 -0.8187435   1.4465348  -0.6379618  -0.98226734 -0.76688754  0.42395552
  0.1109643  -0.31060953]
[-0.41528627  0.41358857 -0.80325257 -0.27259857 -1.00498694 -0.24058019
 -0.20209532  1.4465348  -0.6379618  -0.98226734 -0.76688754  0.40649914
 -0.45356239 -0.22340275]
[-0.41409583  0.41358857 -0.80325257 -0.27259857 -1.00498694  0.32360141
 -1.69559583  1.4465348  -0.6379618  -0.98226734 -0.76688754  0.43866719
 -1.03634492  0.2671354 ]
[-0.41453686  0.41358857 -0.80325257 -0.27259857 -1.00498694 -0.40727021
 -1.68490251  1.4465348  -0.6379618  -0.98226734 -0.76688754  0.43866719
 -0.59399191  0.09272183]
[-0.41875052  2.73124524 -1.04564647 -0.27259857 -1.25776813 -0.56398732
 -0.75101913  1.68746981 -0.75292215  0.36174075  1.2259393   0.43866719
 -0.18253341 -0.39781631]
[-0.41880754  3.37503876 -1.45653369 -0.27259857 -1.31878428  1.37503075
 -1.66708031  2.34438744 -0.52300145 -1.08336529 -0.25709463  0.4280177
 -1.1023468   1.40082355]
[-0.41794177  3.16044092 -1.52747825 -0.27259857 -1.25776813 -0.1123571
 -1.17518754  2.57864306 -0.8678825  -0.56598165 -0.53516349  0.43866719
 -0.96753445  0.23443285]
[-0.41866674  3.80423444 -1.44175358 -0.27259857 -1.24905153  0.75813521
 -1.0040944   2.16700203 -0.52300145 -0.90495714 -1.55474931  0.39475176
 -1.22311619  0.98659134]
[-0.40236019  0.58526684 -0.87863116 -0.27259857 -0.88295465 -0.19783916
 -1.40687616  1.92368153 -0.17812039 -0.73844286  0.57711195  0.3703787
 -0.81446627  0.08182099]
[-0.4083147   0.58526684 -0.87863116 -0.27259857 -0.14204428 -0.50842398
 -0.76527689  1.50249852 -0.17812039 -0.73844286  0.57711195  0.43866719
 -0.48305259 -0.32151037]
[-0.40295715  0.58526684 -0.87863116 -0.27259857 -0.88295465 -0.77341837
 -0.08803322  1.64247937 -0.17812039 -0.73844286  0.57711195  0.41901504
  0.06883544 -0.419618  ]
[-0.40035169  0.58526684 -0.87863116 -0.27259857 -0.88295465 -0.45286064
  0.88149456 -0.28628883 -0.17812039 -0.73844286  0.57711195  0.2320451
  0.24998953 -0.71394089]
[-0.40750129  0.58526684 -0.87863116 -0.27259857 -0.88295465  0.24524285
 -0.03100218  1.64252708 -0.17812039 -0.73844286  0.57711195  0.43866719
 -0.83272211 -0.03808834]
[-0.40561265  0.58526684 -0.87863116 -0.27259857 -0.88295465  0.68120136
 -0.90072563  2.00292768 -0.17812039 -0.73844286  0.57711195  0.4241751
 -0.44373232  0.2671354 ]
[-0.41806279  0.26337008 -1.43288551 -0.27259857 -1.20459691  1.1684491
 -0.32685073  2.59548466 -0.75292215 -1.14283467  0.06731904  0.39848458
 -0.64735513  1.1392032 ]
[-0.41616251  2.94584308 -1.1387612  -0.27259857 -1.36236724  0.00874248
 -1.81322236  1.34958828 -0.6379618  -0.42325512 -1.09130121  0.43866719
 -1.12200693  0.10362268]
[-0.41523739  2.94584308 -1.1387612  -0.27259857 -1.36236724 -0.70788212
 -1.33915179  1.34958828 -0.6379618  -0.42325512 -1.09130121  0.43866719
 -0.33981447 -0.34331207]
[-0.41359661  0.04877224 -0.73969807 -0.27259857 -1.26648472 -0.57823433
 -1.68490251  1.29543754 -0.6379618  -0.37567962  0.20635347  0.43109178
 -0.64033366 -0.05989003]
[-0.39002875  0.04877224 -0.73969807 -0.27259857 -1.26648472 -0.98284942
 -1.13597869  1.29543754 -0.6379618  -0.37567962  0.20635347  0.43866719
  0.06040967 -0.56132902]
[-0.40541948  0.04877224 -0.73969807 -0.27259857 -1.26648472 -0.56826142
 -1.27142743  1.29543754 -0.6379618  -0.37567962  0.20635347  0.43866719
 -0.54343728 -0.17979936]
[-0.41006254 -0.48772236 -0.03912057 -0.27259857 -1.23161835 -0.1123571
 -2.21243968  0.71781376 -0.6379618  -0.61355715  0.3453879   0.29407564
 -0.8341264   0.17992862]
[-0.40185865 -0.48772236 -0.03912057 -0.27259857 -1.23161835 -0.45998415
 -1.82391568  0.71781376 -0.6379618  -0.61355715  0.3453879   0.2195292
 -0.3903691  -0.09259258]
[-0.39002875 -0.48772236 -0.03912057 -0.27259857 -1.23161835 -0.31181524
 -2.1696664   0.71781376 -0.6379618  -0.61355715  0.3453879   0.37290384
 -1.00264183  0.02731675]
[-0.39759611 -0.48772236 -0.20465787 -0.27259857 -1.23161835 -0.05536906
 -2.22669744  0.71781376 -0.6379618  -0.61355715  0.3453879   0.22205434
 -0.71897419  0.09272183]
[-0.41114475 -0.48772236  0.25943777 -0.27259857 -1.02242013 -0.01547743
 -2.23382633  0.2236346  -0.52300145 -0.46488369  0.11366385  0.41692906
 -0.82570063  0.16902777]
[-0.40926426 -0.48772236  0.25943777 -0.27259857 -1.02242013  0.00304368
 -0.84369458  0.34343416 -0.52300145 -0.06049188  0.11366385  0.28858621
 -0.52237286 -0.12529512]
[-0.40851834 -0.48772236  0.25943777 -0.27259857 -1.02242013 -0.00692923
  0.20781533  0.12854877 -0.52300145 -0.06049188  0.11366385  0.18351855
 -0.09687139 -0.27790698]
[-0.41020102 -0.48772236  0.25943777 -0.27259857 -1.02242013 -0.20496267
 -0.81517906  0.14682166 -0.52300145 -0.06049188  0.11366385  0.32953735
 -0.33560159 -0.1907002 ]
[-0.41376302 -0.48772236  0.25943777 -0.27259857 -1.02242013 -0.07389017
 -0.53358827  0.58747031 -0.52300145 -0.06049188  0.11366385  0.32338919
 -0.04491247 -0.14709681]
[-0.41057339 -0.48772236  0.25943777 -0.27259857 -1.02242013 -0.58393313
 -1.14310757  0.34343416 -0.52300145 -0.06049188  0.11366385  0.42944495
 -0.49990413 -0.24520444]
[-0.41554693  0.58526684 -0.91853747 -0.27259857 -1.11830265  0.63133682
 -1.25360522  0.77191679 -0.6379618  -0.75628368  0.25269828  0.43866719
 -1.03494062  0.59416082]
[-0.41514081  0.58526684 -0.91853747 -0.27259857 -1.11830265  0.47746911
  0.06167327  0.77191679 -0.6379618  -0.75628368  0.25269828  0.42472404
 -0.76391164  0.14722607]
[-0.41607524  0.58526684 -0.91853747 -0.27259857 -1.11830265  0.0258389
  0.32187742  0.77191679 -0.6379618  -0.75628368  0.25269828  0.43866719
 -0.8341264   0.2453337 ]
[-0.41620091  0.58526684 -0.91853747 -0.27259857 -1.11830265 -0.16649574
 -0.7830991   0.77191679 -0.6379618  -0.75628368  0.25269828  0.36993955
 -0.72318708  0.0382176 ]
[-0.41444609 -0.48772236 -0.9732239  -0.27259857 -0.91782102  0.14978788
 -0.73676137  0.47549517 -0.75292215 -0.95847958  0.02097423  0.43866719
 -0.42688078  0.14722607]
[-0.41365945 -0.48772236 -0.9732239  -0.27259857 -0.91782102  0.49314083
 -0.4480417   0.31247044 -0.75292215 -0.95847958  0.02097423  0.38816445
 -0.86080801  0.44154896]
[-0.41429598 -0.48772236 -0.9732239  -0.27259857 -0.14204428 -0.38305029
 -0.84013014  0.3074609  -0.75292215 -0.95847958  0.02097423  0.42867643
  0.02811088 -0.00538579]
[-0.41201169 -0.48772236 -0.9732239  -0.27259857 -0.91782102 -0.23203199
 -0.42309062 -0.01677559 -0.75292215 -0.95847958  0.02097423  0.41945419
 -0.59258762 -0.03808834]
[-0.41374673 -0.48772236 -1.13284915 -0.27259857 -0.56915732  1.0302531
  0.62841929 -0.17226216 -0.8678825  -0.8217     -0.30343944  0.43866719
 -1.00545042  0.11452353]
[-0.41416332 -0.48772236 -1.13284915 -0.27259857 -0.56915732  1.13283158
  0.32187742 -0.17569728 -0.8678825  -0.8217     -0.30343944  0.42944495
 -0.97736452  0.67046676]
[-0.41488247 -0.48772236 -1.13284915 -0.27259857 -0.56915732  0.18967951
 -0.09159766 -0.32941858 -0.8678825  -0.8217     -0.30343944  0.38684699
 -0.54062869  0.00551505]
[-0.41575755 -0.48772236 -1.13284915 -0.27259857 -0.56915732  0.1725831
  0.18642868 -0.329514   -0.8678825  -0.8217     -0.30343944  0.40188802
 -0.18253341 -0.05989003]
[-0.4154422   0.71402554  0.58607833 -0.27259857 -0.78707213  0.22529704
 -0.53715271 -0.05575458 -0.6379618  -0.8217     -0.1180602   0.41791715
 -0.63190789  0.0382176 ]
[-0.41698756  0.71402554  0.58607833 -0.27259857 -0.78707213 -0.1038089
 -1.41756948 -0.05575458 -0.6379618  -0.8217     -0.1180602   0.43240925
 -0.90574546  0.2671354 ]
[-0.4153363   0.71402554  0.58607833 -0.27259857 -0.78707213 -0.04967026
  0.30761966 -0.08003892 -0.6379618  -0.8217      0.29904309  0.43866719
 -0.29066414 -0.2125019 ]
[-0.40613165 -0.48772236 -1.20970576 -0.27259857 -0.95268739  0.48601732
 -0.38744621 -0.13719539 -0.8678825  -0.78601837 -0.21074982  0.01137006
 -0.84395647  0.63776421]
[-0.40694622 -0.48772236 -1.20970576 -0.27259857 -0.95268739 -0.17219454
  0.03315775 -0.13719539 -0.8678825  -0.78601837 -0.21074982  0.38300439
 -0.185342   -0.12529512]
[-0.40627246 -0.48772236 -1.20970576 -0.27259857 -0.95268739  2.54328557
  0.26128193 -0.13719539 -0.8678825  -0.78601837 -0.21074982  0.43866719
 -0.18253341  1.76055152]
[-0.41080613 -0.48772236 -1.20970576 -0.27259857 -0.95268739  2.18853502
 -1.13241425 -0.13719539 -0.8678825  -0.46488369 -0.21074982  0.40166844
 -1.27647941  2.31649475]
[-0.41235032 -0.48772236 -1.20970576 -0.27259857 -0.95268739  1.61295582
 -0.21991752 -0.13719539 -0.8678825  -0.78601837  0.29904309  0.43866719
 -0.90855405  1.1610049 ]
[-0.40303395 -0.48772236 -0.37167318 -0.27259857 -0.29894295  0.63133682
  0.40029511 -0.47946622 -0.52300145 -0.14374902  1.13324968  0.41517244
 -0.45496668  0.53965659]
[-0.40703001 -0.48772236 -0.37167318 -0.27259857 -0.29894295  0.70827068
  0.09375323 -0.44210937 -0.52300145 -0.14374902  1.13324968  0.4241751
 -0.70071835 -0.14709681]
[-0.39371294 -0.48772236 -0.37167318 -0.27259857 -0.29894295  0.1725831
  0.59633933 -0.50957117 -0.52300145 -0.14374902  1.13324968 -3.14153823
 -0.28504696 -0.43051885]
[-0.39570863 -0.48772236 -0.37167318 -0.27259857 -0.29894295 -0.20923677
  0.66762813 -0.50957117 -0.52300145 -0.14374902  1.13324968  0.41198857
  0.10956001 -0.35421292]
[-0.40408824 -0.48772236 -0.37167318 -0.27259857 -0.29894295 -0.16649574
  0.76030358 -0.64969515 -0.52300145 -0.14374902  1.13324968  0.3924462
 -0.04631677 -0.26700614]
[-0.40490049 -0.48772236 -0.37167318 -0.27259857 -0.29894295 -0.61670126
  0.99912109 -0.79955195 -0.52300145 -0.14374902  0.29904309  0.40737745
  0.53506147 -0.33241122]
[-0.40041104 -0.48772236 -0.37167318 -0.27259857 -0.29894295 -0.63807177
  0.82802795 -0.74988594 -0.52300145 -0.14374902  1.13324968  0.37861284
  0.84260213 -0.33241122]
[-0.40506922 -0.48772236 -0.37167318 -0.27259857 -0.29894295 -0.22348378
  0.58921045 -0.79215692 -0.52300145 -0.46488369  1.13324968  0.33755192
  0.2008392  -0.23430359]
[-0.40543578 -0.48772236 -0.37167318 -0.27259857 -0.29894295  0.27088747
  1.01337885 -0.64401767 -0.52300145 -0.14374902  1.13324968  0.42044229
 -0.05474254 -0.29970868]
[-0.38965521 -0.48772236 -0.37167318 -0.27259857 -0.29894295 -0.07816428
  0.80307687 -0.59048716 -0.52300145 -0.14374902  1.13324968  0.37641707
  0.40586631 -0.34331207]
[-0.40777359 -0.48772236 -0.37167318 -0.27259857 -0.29894295 -0.12660411
 -0.50863719 -0.47946622 -0.52300145 -0.14374902  1.13324968  0.40122929
  0.04777102 -0.09259258]
[-0.40859864 -0.48772236 -0.1573615  -0.27259857 -0.06359495  0.61424041
  0.46089059 -0.52731925 -0.40804109  0.14170402 -0.30343944  0.42428489
 -0.35104884  0.02731675]
[-0.40598619 -0.48772236 -0.1573615  -0.27259857 -0.06359495 -0.5283698
  0.86367235 -0.68194704 -0.40804109  0.14170402  0.29904309  0.41725842
  0.49854979 -0.40871716]
[-0.39448561 -0.48772236 -0.20465787 -0.27259857 -0.06359495 -0.27334832
  0.95278336 -0.58910357 -0.40804109  0.14170402 -0.30343944  0.43866719
  0.62212777 -0.419618  ]
[-0.40377289 -0.48772236 -0.1573615  -0.27259857 -0.06359495 -0.04254675
  0.55356604 -0.72817794 -0.40804109  0.14170402 -0.30343944  0.34907972
 -0.31032427 -0.4414197 ]
[-0.40039474 -0.48772236 -0.1573615  -0.27259857 -0.06359495 -0.50699928
  0.69614366 -0.62960928 -0.40804109  0.14170402 -0.30343944 -0.13212361
  0.43535651 -0.46322139]
[-0.40502151 -0.48772236 -0.1573615  -0.27259857 -0.06359495 -0.15367343
  0.13652652 -0.50222384 -0.40804109  0.14170402 -0.30343944  0.39914331
 -0.08704133 -0.14709681]
[-0.40276398 -0.48772236 -0.1573615  -0.27259857 -0.06359495 -0.37450209
  0.496535   -0.49397003 -0.40804109  0.14170402 -0.30343944  0.41242772
 -0.3313887  -0.36511377]
[-0.40513788 -0.48772236 -0.1573615  -0.27259857 -0.06359495 -0.58678254
  0.15791316 -0.62273906 -0.40804109  0.14170402 -0.30343944 -0.20107083
  0.38058899 -0.23430359]
[-0.40348779 -0.48772236 -0.1573615  -0.27259857 -0.06359495 -0.78766538
 -0.12367763 -0.48834026 -0.40804109  0.14170402 -0.30343944  0.37938136
  0.13343303 -0.35421292]
[-0.41230494 -0.48772236  2.15424864 -0.27259857  0.2327692  -0.58963194
  0.32187742 -0.72760542 -0.8678825  -1.30934895  0.29904309  0.35358105
  0.24015947 -0.05989003]
[-0.4119954  -0.48772236  2.15424864 -0.27259857 -0.14204428 -0.398722
  0.5500016  -0.75637449 -0.8678825  -0.46488369  0.29904309  0.22754376
  0.22611651 -0.24520444]
[-0.40951212 -0.48772236 -0.20465787 -0.27259857  0.2327692  -0.45998415
  0.86367235 -0.80909393 -0.8678825  -1.30934895  0.29904309  0.23215488
  0.74008858 -0.22340275]
[-0.4028338  -0.48772236  2.15424864 -0.27259857  0.2327692  -0.60957775
  1.00981441 -0.87708054 -0.8678825  -1.30934895  0.29904309  0.14673937
  1.79050142 -0.57222987]
[-0.4088721  -0.48772236  2.15424864 -0.27259857  0.2327692  -0.57680963
  0.96704113 -0.84754811 -0.8678825  -1.30934895  0.29904309  0.24631761
  0.69093824 -0.40871716]
[-0.40066472 -0.48772236  2.15424864 -0.27259857  0.2327692  -0.42436662
  0.70327254 -0.85394124 -0.8678825  -1.30934895  0.29904309  0.37861284
 -0.18253341 -0.12529512]
[-0.37525825 -0.48772236  2.15424864 -0.27259857  0.2327692  -0.9557801
  0.95991224 -0.96639348 -0.8678825  -1.30934895  0.29904309  0.02575236
  2.05029605 -0.74664343]
[-0.39017653 -0.48772236  1.59851628 -0.27259857  0.60758268 -0.84180402
  0.97417001 -0.9515557  -0.6379618  -0.46488369  1.27228411  0.38607847
  0.63617073 -0.69213919]
[-0.38246371 -0.48772236  1.59851628 -0.27259857  0.60758268  0.20962533
  1.07397434 -0.9400099  -0.6379618   0.17143872  1.27228411  0.43866719
  0.38339758 -0.49592394]
[-0.31778445 -0.48772236  1.59851628 -0.27259857  0.60758268 -0.92158727
  0.92783228 -0.86014353 -0.6379618   0.17143872  1.27228411  0.43866719
  0.79766468 -0.8992553 ]
[-0.38076126 -0.48772236  1.59851628 -0.27259857  0.60758268  0.24809225
  1.07753878 -0.7940176  -0.6379618   0.17143872  1.27228411  0.41824652
 -0.00840079 -0.36511377]
[-0.28151393 -0.48772236  1.59851628 -0.27259857  0.60758268  0.06003172
  1.03476549 -0.72126    -0.6379618   0.17143872  1.27228411  0.43866719
 -0.05614683 -0.32151037]
[-0.3516706  -0.48772236  1.59851628 -0.27259857  0.60758268  0.12556797
  1.04189437 -0.69435162 -0.6379618   0.17143872  1.27228411  0.31636272
 -0.21623649  0.04911844]
[-0.38195286 -0.48772236  1.59851628 -0.27259857  0.60758268 -0.65801759
  0.95278336 -0.62636501 -0.6379618   0.17143872  1.27228411  0.34853077
  0.33284295 -0.45232055]
[-0.30673887 -0.48772236 -0.20465787 -0.27259857  0.60758268 -0.75062315
  1.05971657 -0.68547758 -0.6379618   0.17143872  1.27228411 -1.03403675
  0.65302227 -0.75754428]
[-0.35542577 -0.48772236  1.59851628 -0.27259857  0.60758268  0.07285403
  1.05258769 -0.79773897 -0.6379618   0.17143872  1.27228411  0.41418434
  0.60387194 -0.48502309]
[-0.38278838 -0.48772236  1.59851628 -0.27259857  0.60758268 -0.48705347
  0.885059   -0.86634581 -0.6379618   0.17143872  1.27228411  0.2339115
  0.59544616 -0.14709681]
[-0.37933343 -0.48772236  1.59851628 -0.27259857  0.60758268  0.24239345
  1.05971657 -0.92221411 -0.6379618   0.17143872  1.27228411  0.40770682
  0.27105396 -0.59403156]
[-0.39126457 -0.48772236  1.59851628 -0.27259857  0.60758268 -0.60815305
  1.05258769 -0.28628883 -0.6379618   0.17143872  1.27228411  0.38530995
  1.21614467 -1.00826377]
[-0.3569688  -0.48772236  1.59851628 -0.27259857  0.60758268 -0.18929096
  1.04189437 -1.00861674 -0.6379618   0.17143872  1.27228411  0.43866719
  0.81451622 -0.51772563]
[-0.38648187 -0.48772236  1.59851628 -0.27259857  0.60758268 -0.15652283
  0.88862344 -1.03571596 -0.6379618   0.17143872  1.27228411  0.34183367
  1.61496452 -0.93195784]
[-0.23081271 -0.48772236  1.59851628 -0.27259857  0.60758268 -1.80205249
  1.11674762 -1.11801555 -0.6379618   0.17143872  1.27228411  0.43866719
  3.05436715 -0.88835445]
[-0.03387156 -0.48772236 -0.20465787  3.66839786  2.76058103 -1.25496731
  1.11674762 -1.17421781 -0.52300145 -0.03075719 -1.74012855  0.43866719
  1.98850705 -0.99736293]
[ 0.05647018 -0.48772236  1.2570956  -0.27259857  2.76058103 -1.16236174
  1.11674762 -1.13118348 -0.52300145 -0.03075719 -1.74012855  0.43866719
  1.93233524 -0.75754428]
[-0.09686233 -0.48772236  1.2570956  -0.27259857  2.76058103 -1.96731781
  0.32187742 -1.1626243  -0.52300145 -0.03075719 -1.74012855  0.43866719
  2.33536798 -1.17177649]
[-0.14345579 -0.48772236  1.2570956  -0.27259857  2.76058103 -0.21920968
  1.11674762 -1.12770066 -0.52300145 -0.03075719 -1.74012855 -2.02048709
  2.12612799 -0.95375954]
[-0.16955581 -0.48772236  1.2570956  -0.27259857 -0.14204428 -0.93440958
  1.11674762 -1.0811835  -0.52300145 -0.03075719 -1.74012855 -2.06045013
  0.56033878 -0.75754428]
[-0.14470325 -0.48772236  1.2570956  -0.27259857  2.76058103 -1.93454969
  0.96347668 -1.10780563 -0.52300145 -0.03075719 -1.74012855  0.38168692
  2.36907107 -0.86655276]
[-1.49082146e-01 -4.87722365e-01 -2.04657871e-01 -2.72598567e-01
  2.76058103e+00 -1.56412743e+00  8.95752318e-01 -1.07498121e+00
 -5.23001446e-01 -3.07571894e-02 -1.74012855e+00  5.00991738e-04
  2.19915134e+00 -5.17725632e-01]
[-0.10218846 -0.48772236  1.2570956  -0.27259857  2.76058103 -0.97857531
  0.93496116 -1.0768419  -0.52300145 -0.03075719 -1.74012855 -0.05593034
  1.2344005  -0.77934597]
[-0.22755908 -0.48772236  1.2570956  -0.27259857  2.76058103 -0.23060729
  1.02050773 -1.03280566 -0.52300145 -0.03075719 -1.74012855  0.17407673
  0.20224349 -0.11439427]
[-0.24621042 -0.48772236  1.2570956  -0.27259857  2.76058103 -1.25354261
  1.11674762 -1.04540107 -0.52300145 -0.03075719 -1.74012855 -0.16846362
  0.08709128 -0.32151037]
[-0.28923606 -0.48772236  1.2570956   3.66839786  2.76058103 -1.8120254
  0.68901478 -1.03652703 -0.52300145 -0.03075719 -1.74012855 -0.15001914
 -0.07580697 -0.79024682]
[-0.17023888 -0.48772236  1.2570956  -0.27259857  2.76058103 -0.8190088
  1.06328102 -1.03032475 -0.52300145 -0.03075719 -1.74012855 -1.04292962
  0.43956939 -0.14709681]
[-0.25580723 -0.48772236  1.2570956   3.66839786  2.76058103 -0.22063438
  0.97417001 -0.97011485 -0.52300145 -0.03075719 -1.74012855 -0.39440851
  0.34548161 -0.60493241]
[-0.00897361 -0.48772236  1.2570956   3.66839786  2.76058103 -0.18786626
  0.496535   -0.97197554 -0.52300145 -0.03075719 -1.74012855 -2.95259209
  0.33143866 -0.75754428]
[-0.13561962 -0.48772236  1.2570956  -0.27259857  2.76058103 -1.44160314
  0.9028812  -0.97631714 -0.52300145 -0.03075719 -1.74012855 -2.9457852
  0.48871973 -0.14709681]
[-0.27794844 -0.48772236  1.2570956  -0.27259857  0.44196742  0.93907224
  1.02407217 -0.90909389 -0.52300145 -0.03075719 -1.74012855  0.07120483
 -1.13324129  2.04397356]
[-0.26407047 -0.48772236  1.2570956  -0.27259857  0.44196742 -0.31039054
  1.11674762 -0.96634577 -0.52300145 -0.03075719 -1.74012855 -0.03353347
 -0.87485096  0.19082946]
[-0.25450741 -0.48772236  1.2570956  -0.27259857  2.76058103  0.3221767
  1.11674762 -0.96224272 -0.52300145 -0.03075719 -1.74012855  0.08086623
 -0.74003862  0.08182099]
[-0.27214404 -0.48772236  1.2570956   3.66839786  0.44196742 -0.04824556
  0.85297903 -0.946737   -0.52300145 -0.03075719 -1.74012855 -0.19788696
 -1.00545042  0.48515235]
[-0.25004589 -0.48772236  1.2570956  -0.27259857  0.44196742  1.71695899
  0.78881911 -0.86443742 -0.52300145 -0.03075719 -1.74012855  0.19197227
 -1.53486973  2.9923473 ]
[-0.20694229 -0.48772236  1.2570956   3.66839786  0.44196742  2.1628904
  1.05258769 -0.83113591 -0.52300145 -0.03075719 -1.74012855  0.35863132
 -1.50818812  2.9923473 ]
[-0.24356889 -0.48772236  1.2570956   3.66839786  0.44196742  2.97924408
  0.89931676 -0.7732638  -0.52300145 -0.03075719 -1.74012855  0.34589585
 -1.31158679  2.9923473 ]
[-0.15939578 -0.48772236  1.2570956  -0.27259857  0.44196742 -0.61242715
  0.82446351 -0.64921805 -0.52300145 -0.03075719 -1.74012855  0.41901504
 -0.14321314  0.0164159 ]
[-0.08007518 -0.48772236  1.2570956  -0.27259857  0.44196742 -0.26052601
  0.86723679 -0.71534397 -0.52300145 -0.03075719 -1.74012855 -1.28215893
 -0.40019917  0.2671354 ]
[-0.18641277 -0.48772236  1.2570956  -0.27259857  0.44196742  2.34382743
  0.98129889 -0.82865499 -0.52300145 -0.03075719 -1.74012855  0.13565073
 -1.25822357  2.9923473 ]
[-0.21083943 -0.48772236  1.2570956  -0.27259857  0.44196742 -0.57965903
  0.37534402 -0.64735736 -0.52300145 -0.03075719 -1.74012855 -1.41994359
 -0.07299838  0.13632522]
[-0.15264182 -0.48772236  1.2570956  -0.27259857  0.44196742  0.05005881
  0.97773445 -0.80284393 -0.52300145 -0.03075719 -1.74012855 -0.65713257
 -0.21904508  0.13632522]
[-0.13528797 -0.48772236  1.2570956  -0.27259857  0.44196742  0.168309
  0.94565448 -0.72531534 -0.52300145 -0.03075719 -1.74012855 -0.29537922
 -0.18815059 -0.02718749]
[-0.27982893 -0.48772236  1.2570956  -0.27259857  0.44196742 -0.58250843
  0.92426784 -0.64735736 -0.52300145 -0.03075719 -1.74012855 -0.70983109
  0.24858524 -0.56132902]
[-0.15107086 -0.48772236  1.2570956  -0.27259857  0.44196742 -0.57538493
  1.02050773 -0.66510545 -0.52300145 -0.03075719 -1.74012855 -0.09677169
 -0.08844562 -0.37601461]
[-0.40414177 -0.48772236 -1.03825641 -0.27259857 -0.38610887 -1.01419284
  0.70683698 -0.56615511 -0.52300145 -0.6670796  -0.85957716  0.43866719
  0.28509691  0.06001929]
[-0.40965293 -0.48772236 -1.03825641 -0.27259857 -0.38610887  0.18825481
  0.5500016  -0.54220474 -0.52300145 -0.6670796  -0.85957716  0.42329679
 -0.5083299   0.11452353]
[-0.41050357 -0.48772236 -1.03825641 -0.27259857 -0.38610887 -0.60530365
  0.00107779 -0.51567804 -0.52300145 -0.6670796  -0.85957716  0.39837479
 -0.42407219  0.00551505]
[-0.4125784  -0.48772236 -0.20465787 -0.27259857 -0.38610887  0.37346594
 -1.26786299 -0.31033462 -0.52300145 -0.6670796  -0.85957716  0.37345278
 -1.02932344  0.74677269]
[-0.4121618  -0.48772236 -1.03825641 -0.27259857 -0.38610887 -0.37592679
 -0.76527689 -0.10871257 -0.52300145 -0.6670796  -0.85957716  0.39837479
 -0.35807031  0.07092014]
[-0.41402019 -0.48772236 -1.03825641 -0.27259857 -0.38610887  0.04436001
  0.16860648 -0.22197588 -0.52300145 -0.6670796  -0.85957716  0.42439468
 -0.8945111   0.22353201]
[-0.412604   -0.48772236 -1.03825641 -0.27259857 -0.38610887  0.82082206
  0.20425089 -0.41386511 -0.52300145 -0.6670796  -0.85957716  0.37685623
 -0.8060405   0.80127693]
[-0.41360709 -0.48772236 -1.27326026 -0.27259857 -0.57787391  0.99178618
 -0.36605957 -0.45503875 -0.75292215 -1.27961426 -0.30343944  0.43866719
 -1.070048    1.5970388 ]
[-0.41266684 -0.48772236 -1.27326026 -0.27259857 -0.57787391  2.11017647
  0.52148608 -0.49702346 -0.75292215 -1.27961426 -0.30343944  0.42395552
 -0.7161656   1.88046084]
[-0.41231774 -0.48772236 -1.27326026 -0.27259857 -0.57787391 -0.19926386
 -0.23061084 -0.56529633 -0.75292215 -1.27961426 -0.30343944  0.43866719
 -0.4507538   1.48803033]
[-0.4097402  -0.48772236 -1.27326026 -0.27259857 -0.57787391  1.24110885
  0.83872127 -0.51629826 -0.75292215 -1.27961426 -0.30343944  0.40814597
 -1.1009425   1.67334474]
[-0.40868708 -0.48772236 -1.27326026 -0.27259857 -0.57787391  0.39768586
  0.95991224 -0.44645097 -0.75292215 -1.27961426 -0.30343944  0.43866719
 -0.98017311  1.08469897]
[-0.41066532 -0.48772236 -1.27326026 -0.27259857 -0.57787391 -0.96860241
  0.7531747  -0.37922772 -0.75292215 -1.27961426 -0.30343944  0.37389193
  0.18539195  0.41974726]
[-0.41329639 -0.48772236 -1.27326026 -0.27259857 -0.57787391 -0.18644155
  0.00464223 -0.24001022 -0.75292215 -1.27961426 -0.30343944  0.33118418
  0.06883544  0.76857439]
[-0.41381422 -0.48772236 -1.27326026 -0.27259857 -0.57787391  2.20420673
 -0.53715271 -0.27841669 -0.75292215 -1.27961426 -0.30343944  0.39178747
 -1.15290142  2.9923473 ]
[-0.41116919  1.4436582  -1.12841512 -0.27259857 -1.02242013  0.70969538
 -0.98270776  0.00278547 -0.52300145 -0.06049188 -1.5084045   0.40540126
 -0.83974358  1.03019473]
[-0.40569527  1.4436582  -1.12841512 -0.27259857 -1.02242013  0.38771295
 -1.4104406   0.37401621 -0.52300145 -0.06049188 -1.5084045   0.28430446
 -1.13745418  0.79037608]
[-0.41059317  1.4436582  -1.12841512 -0.27259857 -1.02242013  1.28384988
 -1.06112544  0.37401621 -0.52300145 -0.06049188 -1.5084045   0.43866719
 -1.02089767  1.34631931]
[-0.40978093  1.4436582  -1.12841512 -0.27259857 -1.02242013  0.95046985
 -1.68133807  1.28675434 -0.52300145 -0.06049188 -1.5084045   0.22765355
 -1.06162223  1.57523711]
[-0.41229097  1.4436582  -1.12841512 -0.27259857 -1.02242013  0.64843323
 -1.34984511  1.28675434 -0.52300145 -0.06049188 -1.5084045   0.35972921
 -1.11919834  0.86668201]
[-0.41025105  1.4436582  -1.12841512 -0.27259857 -1.02242013  1.27387698
 -1.51024493  1.28675434 -0.52300145 -0.06049188 -1.5084045   0.36829272
 -1.37478007  1.50983202]
[-0.41778816  2.08745172 -0.20465787 -0.27259857 -1.33621746  0.73534
 -2.09481315  1.16261318 -0.98284286 -0.85143469 -1.32302526  0.39991183
 -1.0714523   0.9320871 ]
[-0.41865859  2.08745172 -1.20379371 -0.27259857 -1.33621746  0.4560986
 -1.77757796  1.16261318 -0.98284286 -0.85143469 -1.32302526  0.21689427
 -1.16273149  0.71407015]
[-0.41872608  2.94584308 -1.56886257 -0.27259857 -1.15316902  2.26689358
 -1.30707183  0.89009422 -0.6379618  -0.91090408 -1.87916298  0.40935364
 -1.36073712  2.9923473 ]
[-0.41566562  2.94584308 -1.41219335 -0.27259857 -1.31006768  1.42916939
 -1.23221858  1.68236485 -0.8678825  -0.47083063 -2.71336957  0.43866719
 -1.20486035  1.17190575]
[-0.41490342  2.94584308 -1.41219335 -0.27259857 -1.31006768  1.1727232
 -1.14310757  1.68236485 -0.8678825  -0.47083063 -2.71336957 -0.02892235
 -0.5687146   0.84488032]
[-0.4159484   2.94584308 -1.41219335 -0.27259857 -1.31006768  1.41064827
 -1.08251209  1.68236485 -0.8678825  -0.47083063 -2.71336957  0.38706656
 -0.84816935  1.31361677]
[-0.41666755  3.5896366  -1.4195834  -0.27259857 -1.31878428  0.98466267
 -1.90233337  1.84667775 -0.75292215 -0.03670413 -0.67419792  0.43866719
 -1.13745418  1.34631931]
[-0.4182641   3.5896366  -1.4195834  -0.27259857 -1.31878428  1.21261483
 -1.95223554  1.84667775 -0.75292215 -0.03670413 -0.67419792  0.30033359
 -1.15290142  1.12830236]
[-0.41632426  3.053142   -1.33681475 -0.27259857 -1.21418516 -0.17361925
 -1.07894765  1.18665897 -0.8678825  -0.3578388  -1.74012855  0.40430337
 -0.73442144  0.16902777]
[-0.4177998   3.053142   -1.33681475 -0.27259857 -1.21418516  1.88934781
 -1.88807561  1.18665897 -0.8678825  -0.3578388  -1.74012855  0.42197933
 -1.34107699  2.15298203]
[-0.41624862  3.5896366  -1.240744   -0.27259857 -1.20459691  2.23555015
 -1.26429855  0.6370409  -0.6379618  -1.09525917 -1.74012855  0.3934343
 -1.24277632  2.82883458]
[-0.4179953   3.5896366  -1.240744   -0.27259857 -1.20459691  2.49342104
 -1.31063627  0.6370409  -0.6379618  -1.09525917 -1.74012855  0.36895145
 -1.37337578  2.9923473 ]
[-0.40445829 -0.48772236 -0.07163683 -0.27259857 -0.56915732 -0.55971322
 -1.65282255  0.07759459 -0.6379618  -0.78007143  0.06731904  0.43866719
 -0.25134387  0.00551505]
[-0.39360471 -0.48772236 -0.07163683 -0.27259857 -0.56915732  0.06003172
 -0.57636155  0.27296664 -0.6379618  -0.78007143  0.06731904  0.41638011
 -0.23730092  0.20173031]
[-0.39100972 -0.48772236 -0.07163683 -0.27259857 -0.56915732 -0.71358093
  0.1436554   0.27296664 -0.6379618  -0.78007143  0.06731904  0.35665513
  0.75834441 -0.00538579]
[-0.40452229 -0.48772236 -0.07163683  3.66839786 -0.56915732 -0.31323994
 -0.34110849  0.21776628 -0.6379618  -0.78007143  0.06731904  0.26761659
  0.28088403  0.20173031]
[-0.36963073 -0.48772236 -0.07163683  3.66839786 -0.56915732 -1.33902467
  1.11674762  0.04400682 -0.6379618  -0.78007143  0.06731904  0.43866719
  1.46470493 -0.27790698]
[-0.40003168 -0.48772236 -0.07163683  3.66839786 -0.56915732 -0.46140885
  0.83515683  0.04500873 -0.6379618  -0.78007143  0.06731904  0.39859436
  0.64740509 -0.09259258]
[-0.37660462 -0.48772236 -0.07163683  3.66839786 -0.56915732 -1.25354261
  0.71040142 -0.05618397 -0.6379618  -0.78007143  0.06731904  0.42044229
  1.5896872  -0.35421292]
[-0.3950593  -0.48772236 -0.07163683  3.66839786 -0.56915732 -0.6793881
 -0.53002383 -0.0621     -0.6379618  -0.78007143  0.06731904  0.3732332
  0.47327248 -0.01628664]
[-0.40398118 -0.48772236 -0.07163683 -0.27259857 -0.56915732  0.12984207
 -1.29637851  0.07759459 -0.6379618  -0.78007143  0.06731904  0.31691166
 -0.46058387  0.60506167]
[-0.38663897 -0.48772236 -0.07163683 -0.27259857 -0.56915732 -1.242145
 -2.09837759 -0.09315915 -0.6379618  -0.78007143  0.06731904 -0.0879886
  2.37187966  0.12542438]
[-0.39729007 -0.48772236 -0.07163683 -0.27259857 -0.56915732 -0.14512523
 -0.93637003  0.07759459 -0.6379618  -0.78007143  0.06731904  0.40276633
 -0.44794521  0.2671354 ]
[-0.41502677 -0.48772236  0.416107    3.66839786 -0.03744517 -0.56398732
 -0.45160614 -0.31997202 -0.52300145 -0.78601837 -0.95226678  0.39365388
  0.11939007  0.08182099]
[-0.41217228 -0.48772236  0.416107   -0.27259857 -0.03744517  0.51023724
  0.58564601 -0.28628883 -0.52300145 -0.78601837 -0.95226678  0.3934343
 -0.41705071  0.67046676]
[-0.40745242 -0.48772236  0.416107    3.66839786 -0.03744517 -0.47423116
  0.89575232 -0.42626968 -0.52300145 -0.78601837 -0.95226678  0.43866719
  0.73868428 -0.11439427]
[-0.40703815 -0.48772236  0.416107    3.66839786 -0.03744517  0.12699267
  0.84585015 -0.20012475 -0.52300145 -0.78601837 -0.95226678  0.403974
 -0.3033028   0.04911844]
[-0.37866315 -0.48772236 -0.72048392  3.66839786 -0.41225865  0.95046985
  0.70683698 -0.43943761 -0.17812039 -0.60166328 -0.48881868  0.38157713
 -0.41424212  0.45244981]
[-0.37288901 -0.48772236 -0.72048392  3.66839786 -0.41225865 -0.17076984
  0.80664131 -0.35055407 -0.17812039 -0.60166328 -0.48881868  0.42044229
  1.2358048  -0.09259258]
[-0.34777113 -0.48772236 -0.72048392  3.66839786 -0.41225865  0.84789138
  0.32187742 -0.24363618 -0.17812039 -0.60166328 -0.48881868  0.36719483
 -0.38334763  0.53965659]
[-0.34880215 -0.48772236 -0.72048392 -0.27259857 -0.41225865  0.47604441
  0.43237507 -0.24363618 -0.17812039 -0.60166328 -0.48881868  0.43866719
 -0.71054842  0.82307862]
[-0.38363902 -0.48772236 -0.72048392 -0.27259857 -0.43840843  2.82395167
  0.34326406 -0.42383647 -0.17812039 -0.60166328 -0.48881868  0.30856773
 -1.19643458  2.42550322]
[-0.3590157  -0.48772236 -0.72048392 -0.27259857 -0.43840843  3.47788943
  0.51079276 -0.42383647 -0.17812039 -0.60166328 -0.48881868  0.27508222
 -1.12762411  2.9923473 ]
[-0.37586452 -0.48772236 -0.72048392 -0.27259857 -0.43840843  2.50196924
  0.63554817 -0.27054456 -0.17812039 -0.60166328 -0.48881868  0.33414847
 -1.3382684   1.64064219]
[-0.37234558 -0.48772236 -0.72048392 -0.27259857 -0.43840843  1.25250646
  0.40029511 -0.27054456 -0.17812039 -0.60166328 -0.48881868  0.16617195
 -0.88468103  0.98659134]
[-0.38563356 -0.48772236 -0.72048392 -0.27259857 -0.43840843  1.99762509
 -1.84173789 -0.19449498 -0.17812039 -0.60166328 -0.48881868  0.22578715
 -1.22732907  2.63261933]
[-0.36892438 -0.48772236 -0.72048392 -0.27259857 -0.43840843  0.38201415
 -1.68490251 -0.19449498 -0.17812039 -0.60166328 -0.48881868  0.25685731
 -1.2497978   0.97569049]
[-0.35784388 -0.48772236 -0.72048392 -0.27259857 -0.43840843 -0.43149013
 -0.02030886 -0.05308283 -0.17812039 -0.60166328 -0.48881868  0.23500939
 -0.14180884  0.19082946]
[-0.36645972 -0.48772236 -0.72048392 -0.27259857 -0.43840843  1.60725701
  0.2933619  -0.05308283 -0.17812039 -0.60166328 -0.48881868  0.21074611
 -1.0405578   0.99749219]
[-0.35338818 -0.48772236 -0.72048392 -0.27259857 -0.41225865  2.92510544
  0.16504204  0.026545   -0.17812039 -0.60166328 -0.48881868  0.31800955
 -1.43095188  2.08757695]
[-0.38176085 -0.48772236 -0.72048392 -0.27259857 -0.41225865  2.79688235
  0.06167327 -0.06243397 -0.17812039 -0.60166328 -0.48881868  0.2415967
 -1.22311619  2.80703289]
[-0.36821105 -0.48772236 -0.72048392  3.66839786 -0.41225865  0.62991212
 -0.0773399  -0.06243397 -0.17812039 -0.60166328 -0.48881868  0.03574312
 -0.64735513  0.7031693 ]
[-0.38187955 -0.48772236 -0.72048392 -0.27259857 -0.41225865 -0.28189652
 -0.25556192 -0.06243397 -0.17812039 -0.60166328 -0.48881868  0.21744322
 -0.24993958  0.15812692]
[-0.35975464 -0.48772236 -0.72048392  3.66839786 -0.41225865  0.49456553
  0.27910413  0.17425485 -0.17812039 -0.60166328 -0.48881868  0.34589585
 -0.43811514  0.27803624]
[-0.36077285 -0.48772236 -0.72048392 -0.27259857 -0.41225865  1.53032316
  0.10444656  0.17425485 -0.17812039 -0.60166328 -0.48881868  0.3636816
 -1.11358116  0.97569049]
[-0.4107398   0.79986468 -0.90819139 -0.27259857 -1.10086946  0.28086038
 -1.78827128  1.14844334 -0.40804109 -0.64329185 -0.85957716  0.24664698
 -0.88468103  0.12542438]
[-0.40956681  0.79986468 -0.90819139 -0.27259857 -1.10086946  0.458948
 -0.94349891  1.14844334 -0.40804109 -0.64329185 -0.85957716  0.29462458
 -0.74284721  0.08182099]
[-0.40714987  0.79986468 -0.90819139 -0.27259857 -1.10086946  0.87353599
 -0.51220163  1.21819521 -0.40804109 -0.64329185 -0.85957716  0.37663665
 -0.17972481 -0.05989003]
[-0.40798422  0.79986468 -0.90819139 -0.27259857 -1.10086946 -0.26907421
 -0.12724207  1.21819521 -0.40804109 -0.64329185 -0.85957716  0.4136354
 -0.0364867  -0.26700614]
[-0.40835892  0.79986468 -0.90819139 -0.27259857 -1.10086946  0.10562215
 -0.56210379  1.55187827 -0.40804109 -0.64329185 -0.85957716  0.17352779
 -0.20219354 -0.03808834]
[-0.40548814  0.79986468 -0.90819139 -0.27259857 -1.10086946  0.15548669
 -2.1696664   1.55187827 -0.40804109 -0.64329185 -0.85957716  0.19504635
 -1.04898358  0.12542438]
[-0.39635215  0.45650813 -0.77073631 -0.27259857 -1.07471968 -0.98427412
  0.27910413  1.9905231  -0.29308074 -0.46488369  0.29904309  0.17067328
 -0.02244375 -0.53952733]
[-0.39806856  0.45650813 -0.77073631 -0.27259857 -1.07471968 -0.9671777
  0.05454439  1.9905231  -0.29308074 -0.46488369  0.29904309  0.35336147
  0.81451622 -0.4414197 ]
[-0.38078802  0.45650813 -0.77073631 -0.27259857 -1.07471968 -0.2505531
 -1.20370306  2.03851926 -0.29308074 -0.46488369  0.29904309  0.36488927
 -0.49147836  0.19082946]
[-0.3974588   0.45650813 -0.77073631 -0.27259857 -1.07471968 -0.08243838
  0.37534402  2.03851926 -0.29308074 -0.46488369  0.29904309  0.21074611
 -0.35245313 -0.22340275]
[-0.4012035   0.45650813 -0.77073631 -0.27259857 -1.07471968  0.21247473
 -0.69755253  1.92926359 -0.29308074 -0.46488369  0.29904309  0.19504635
 -0.44092373  0.21263116]
[-0.39813838  0.45650813 -0.77073631 -0.27259857 -1.07471968  0.61851451
 -1.82391568  1.92926359 -0.29308074 -0.46488369  0.29904309  0.403974
 -0.85659513  0.39794557]
[-0.40400679  0.45650813 -0.77073631 -0.27259857 -1.07471968  0.28940858
 -1.9843155   1.72420643 -0.29308074 -0.46488369  0.29904309  0.4318603
 -0.94927861  0.20173031]
[-0.39542004  0.45650813 -0.77073631 -0.27259857 -1.07471968  0.21959823
 -2.13045756  1.72420643 -0.29308074 -0.46488369  0.29904309  0.22095645
 -1.27367082  0.2453337 ]
[-0.41076656  0.45650813 -0.77073631 -0.27259857 -1.07471968  0.95901805
 -2.2053108   2.44462595 -0.29308074 -0.46488369  0.29904309  0.31998574
 -1.28209659  0.76857439]
[-0.37740057  0.45650813 -0.77073631 -0.27259857 -1.07471968  2.81397876
 -2.14827976  2.44462595 -0.29308074 -0.46488369  0.29904309  0.43866719
 -1.28069229  2.20748627]
[-0.41472538  2.94584308 -1.09885489 -0.27259857 -1.41466679 -0.2505531
 -1.30707183  2.5942442  -0.98284286 -0.55408777 -0.95226678  0.39464198
 -0.85519083 -0.07079088]
[-0.4162044   2.94584308 -1.09885489 -0.27259857 -1.41466679 -0.58108373
 -1.76688464  2.5942442  -0.98284286 -0.55408777 -0.95226678  0.41978356
 -0.4788397  -0.17979936]
[-0.41854339  3.37503876 -1.08259676 -0.27259857 -1.39723361  1.66709445
 -1.22865414  1.21819521 -0.75292215 -0.9763204  -1.18399083  0.32273046
 -1.34107699  2.33829644]
[-0.34916987  0.370669   -1.0500805  -0.27259857  0.8080643   3.44797071
  0.64980593 -0.94549654 -0.52300145 -0.85738163 -2.52799033  0.35961942
 -1.05881364  2.9923473 ]
[-0.34312226  0.370669   -1.0500805  -0.27259857  0.8080643   1.49470563
  1.11674762 -0.90084007 -0.52300145 -0.85738163 -2.52799033  0.28924494
 -0.68386681  1.46622863]
[-0.34392054  0.370669   -1.0500805  -0.27259857  0.8080643   0.79517744
  1.11674762 -0.84544888 -0.52300145 -0.85738163 -2.52799033  0.38410227
 -0.80884909  0.82307862]
[-0.35748198  0.370669   -1.0500805  -0.27259857  0.8080643   1.3094945
  0.46801947 -0.79707104 -0.52300145 -0.85738163 -2.52799033  0.39365388
 -0.43109366  1.22640999]
[-0.35817902  0.370669   -1.0500805  -0.27259857  0.8080643   1.76112472
  0.73891694 -0.78385539 -0.52300145 -0.85738163 -2.52799033  0.34501754
 -0.75829446  2.24018881]
[-0.35980584  0.370669   -1.0500805  -0.27259857  0.8080643   3.0120122
  0.81377019 -0.71291077 -0.52300145 -0.85738163 -2.52799033  0.32843946
 -0.94787432  2.86153713]
[-0.32429985  0.370669   -1.0500805  -0.27259857  0.8080643   1.48615743
  0.9207034  -0.81295843 -0.52300145 -0.85738163 -2.52799033  0.40046077
 -0.19798065  0.92118625]
[-0.35632296  0.370669   -1.0500805  -0.27259857  0.8080643   1.3137686
  0.81733463 -0.88390306 -0.52300145 -0.85738163 -2.52799033  0.33974769
 -0.64033366  1.52073287]
[-0.33170547  0.370669   -1.0500805  -0.27259857  0.8080643  -1.03128925
 -0.2092242  -0.85699467 -0.52300145 -0.85738163 -2.52799033  0.38926234
 -0.31032427  0.02731675]
[-0.32890334  0.370669   -1.0500805  -0.27259857  0.8080643   1.04022601
  0.5678238  -0.78714738 -0.52300145 -0.85738163 -2.52799033  0.29780845
  0.29913987  0.88848371]
[-0.35303326  0.370669   -1.0500805  -0.27259857  0.18046964  2.8681174
 -0.0595177  -0.64940889 -0.52300145 -0.85738163 -2.52799033  0.30296852
 -0.73301714  2.9923473 ]
[-0.3574366   0.370669   -1.0500805  -0.27259857  0.18046964  1.68988967
 -0.57279711 -0.43452349 -0.52300145 -0.85738163 -2.52799033  0.36620673
 -1.33405551  2.2837922 ]
[-0.40978442  0.370669   -0.60815504  3.66839786 -0.78707213 -0.51839689
 -0.25556192  0.06428353 -0.75292215 -1.1012061   0.06731904  0.37762475
  0.13905021 -0.20160105]
[-0.38552068  0.370669   -0.60815504 -0.27259857 -0.78707213 -0.60957775
 -0.94706335  0.30831968 -0.75292215 -1.1012061   0.06731904  0.34809162
  0.04777102 -0.15799766]
[-0.40146881  0.370669   -0.60815504 -0.27259857 -0.78707213 -0.06249257
 -1.86668897  0.30831968 -0.75292215 -1.1012061   0.06731904  0.43866719
 -0.85238224  0.28893709]
[-0.40699742  0.370669   -0.60815504 -0.27259857 -0.78707213  0.36206833
 -0.35536625  0.06428353 -0.75292215 -1.1012061   0.06731904  0.41736821
 -0.69229258  0.20173031]
[-0.39451354  0.370669   -0.60815504  3.66839786 -0.78707213  2.00474859
 -0.60131264  0.27850099 -0.75292215 -1.1012061   0.06731904  0.3713668
 -0.85378654  1.37902185]
[-0.41376535  1.22906036 -0.68944567  3.66839786 -0.9352542   0.67550255
 -1.27499187  0.14066708 -0.6379618  -0.91685101 -0.39612906  0.43866719
 -1.28209659  1.07379812]
[-0.4091572   1.22906036 -0.68944567 -0.27259857 -0.9352542   0.81227385
 -0.92211227  0.23117277 -0.6379618  -0.91685101 -0.39612906  0.43866719
 -1.35933283  1.03019473]
[-0.40815062  1.22906036 -0.68944567  3.66839786 -0.9352542   1.40067537
 -0.70111697  0.47921654 -0.6379618  -0.91685101 -0.39612906  0.35467893
 -0.92821418  1.1610049 ]
[-0.41320329  1.22906036 -0.68944567  3.66839786 -0.9352542   0.77238222
 -1.46390721  0.51528523 -0.6379618  -0.91685101 -0.39612906  0.40079014
 -1.19362599  1.15010405]
[-0.41104933  1.22906036 -0.68944567 -0.27259857 -0.9352542   0.28228508
 -1.30350739  0.17058119 -0.6379618  -0.91685101 -0.39612906  0.43866719
 -0.76812453  0.71407015]
[-0.39585177  0.370669   -1.14467325 -0.27259857 -0.97099223  0.75243641
 -1.29994295  0.15168807 -0.52300145 -1.14283467 -1.64743893  0.43866719
 -1.09672961  1.368121  ]
[-0.41616949  0.370669   -1.14467325 -0.27259857 -0.97099223  2.18853502
 -0.14862871  0.43508489 -0.52300145 -1.14283467 -1.64743893  0.33337995
 -1.2497978   2.49090831]
[-0.41602171  0.370669   -1.14467325 -0.27259857 -0.97099223  0.97468976
 -1.12172093  0.69748935 -0.52300145 -1.14283467 -1.64743893  0.38739593
 -1.13324129  1.40082355]
[-0.41320096  0.370669   -1.14467325  3.66839786 -0.97099223  1.93921235
 -0.67616588  0.6818405  -0.52300145 -1.14283467 -1.64743893  0.22095645
 -1.35511994  2.55631339]
[-0.41858644  3.37503876 -1.4580117   3.66839786 -1.33621746  2.33527922
 -1.56371154  1.00297585 -0.98284286 -1.24987956 -2.24992147  0.42351637
 -1.33405551  2.9923473 ]
[-0.41927883  3.37503876 -1.19788166 -0.27259857 -1.34493405  1.14565389
 -1.70628915  1.68155378 -0.98284286 -0.73249592 -1.46205969  0.41473328
 -0.67544104  1.05199642]
[-0.41905773  1.87285388 -1.3042985  -0.27259857 -1.44081657  0.24096875
 -1.31063627  1.68155378 -0.98284286 -0.64329185 -1.46205969  0.41473328
 -0.62207782 -0.05989003]
[-0.4180465   2.94584308 -1.37672107 -0.27259857 -1.47568294 -0.07673958
 -1.32489403  2.53169652 -0.98284286 -0.99416121 -0.1180602  -0.16846362
  0.03794095 -0.26700614]
[-0.41582854  1.76555496 -0.85054894 -0.27259857 -1.30135109 -0.1066583
 -1.33202291  1.68627706 -0.40804109 -0.68492042 -0.85957716  0.43866719
 -0.775146    0.07092014]
[-0.41499186  1.76555496 -0.85054894 -0.27259857 -1.30135109  0.04436001
 -0.82230794  1.68627706 -0.40804109 -0.68492042 -0.85957716  0.43866719
 -0.71054842 -0.02718749]
[-0.41533281  1.76555496 -0.85054894 -0.27259857 -1.30135109  0.40053526
 -1.6314359   1.68627706 -0.40804109 -0.68492042 -0.85957716  0.16221956
 -0.44232803  0.2453337 ]
[-0.41625793  2.94584308 -0.90523537 -0.27259857 -1.24905153  0.82224676
 -1.45321389  0.63642067 -0.6379618  -0.97037346  0.3453879   0.43866719
 -1.31018249  0.64866506]
[-0.41115639  2.94584308 -0.90523537 -0.27259857 -1.24905153  1.23113595
 -1.46034277  0.63642067 -0.6379618  -0.97037346  0.3453879   0.43866719
 -1.2778837   1.60793965]
[-0.41612644  2.94584308 -0.90523537 -0.27259857 -1.24905153  0.49314083
 -1.6136137   0.63642067 -0.6379618  -0.97037346  0.3453879   0.43866719
 -1.11779404  0.58325998]
[-0.41071536 -0.48772236  0.42054103 -0.27259857 -1.02242013 -0.22348378
 -1.79183572  0.82058089 -0.6379618  -0.70870817 -1.13764602  0.43866719
 -0.57292749  0.14722607]
[-0.41079216 -0.48772236  0.42054103 -0.27259857 -1.02242013 -0.3915985
 -0.93993447  0.82058089 -0.6379618  -0.70870817 -1.13764602  0.43866719
 -0.31734575 -0.09259258]
[-0.4052845  -0.48772236  0.42054103 -0.27259857 -1.02242013  0.56152647
 -1.33915179  1.03894911 -0.6379618  -0.70870817 -1.13764602  0.43866719
 -0.89731969  0.65956591]
[-0.41408186 -0.48772236  0.42054103 -0.27259857 -1.02242013  0.37774004
 -0.62982816  1.03894911 -0.6379618  -0.70870817 -1.13764602  0.39420282
 -0.74003862  0.4960532 ]
[-0.40392184 -0.48772236  0.42054103 -0.27259857 -1.02242013 -0.70360802
 -0.38031733  1.21051392 -0.6379618  -0.70870817 -1.13764602  0.43866719
  0.44659087 -0.24520444]
[-0.41280881  2.5166474  -1.30577651 -0.27259857 -1.34493405  0.08710104
 -1.73124023  1.92988382 -0.52300145 -0.29836942 -1.69378374  0.12401314
 -1.07987807 -0.00538579]
[-0.41386193  2.5166474  -1.30577651 -0.27259857 -1.34493405  1.07869294
 -2.09124871  1.92988382 -0.52300145 -0.29836942 -1.69378374  0.16068252
 -1.11217686  0.7031693 ]
[-0.41519317  2.5166474  -1.30577651 -0.27259857 -1.34493405  0.83649377
 -0.75814801  1.92988382 -0.52300145 -0.29836942 -1.69378374  0.37235489
 -0.92540559  0.2453337 ]
[-0.4162172   0.97154295 -0.73674205 -0.27259857 -1.0572865   0.43615278
 -1.00765884  0.8153328  -0.29308074 -0.47083063 -1.09130121  0.42604151
 -0.44373232 -0.05989003]
[-0.40955052  0.97154295 -0.73674205 -0.27259857 -1.0572865   0.30080619
 -1.79183572  0.8153328  -0.29308074 -0.47083063 -1.09130121  0.29275818
 -0.56028883  0.41974726]
[-0.40869639  0.97154295 -0.73674205 -0.27259857 -1.0572865   0.99463558
 -1.8167868   0.8153328  -0.29308074 -0.47083063 -1.09130121  0.36763399
 -1.09532532  1.15010405]
[-0.41391546  0.92862338 -1.31464458 -0.27259857 -0.71733939  1.35650963
 -0.98270776  0.11414038 -0.29308074 -1.10715304 -0.02537058  0.40331527
 -0.8046362   1.47712948]
[-0.41395735  0.92862338 -1.31464458 -0.27259857 -0.71733939  0.47319501
 -0.37675289 -0.19692818 -0.29308074 -1.10715304 -0.02537058  0.39980204
 -0.52377715  0.63776421]
[-0.41160208  0.92862338 -1.31464458 -0.27259857 -0.71733939  1.61865462
  0.11513988 -0.3261266  -0.29308074 -1.10715304 -0.02537058  0.43866719
 -0.86923378  1.18280659]
[-0.41459388  0.92862338 -1.31464458 -0.27259857 -0.71733939  0.80515035
  0.05810883 -0.28628883 -0.29308074 -1.10715304 -0.02537058  0.43866719
 -0.72037849  0.61596252]
[-0.36296637 -0.48772236 -0.17361963 -0.27259857 -0.08974473  0.50026433
  0.49297056 -0.22197588 -0.6379618  -0.61950409 -0.02537058  0.43866719
 -1.14026277  0.02731675]
[-0.37967439 -0.48772236 -0.17361963 -0.27259857 -0.08974473 -0.44431244
  0.28623301 -0.32455217 -0.6379618  -0.61950409 -0.02537058  0.43142115
 -0.37773045 -0.24520444]
[-0.11364947 -0.48772236 -0.17361963 -0.27259857 -0.08974473 -1.86758874
 -1.10033429 -0.60274861 -0.6379618  -0.61950409 -0.02537058 -0.07130074
 -0.00278361 -0.70304004]
[-0.32835525 -0.48772236 -0.17361963 -0.27259857 -0.08974473 -0.23060729
 -0.56566823 -0.54506734 -0.6379618  -0.61950409 -0.02537058  0.43866719
 -0.93804425 -0.04898918]
[-0.38988096 -0.48772236 -0.17361963 -0.27259857 -0.08974473 -0.37165268
  0.77456135 -0.45265326 -0.6379618  -0.61950409 -0.02537058  0.43207988
 -0.13197878 -0.34331207]
[-0.3889861  -0.48772236 -0.17361963 -0.27259857 -0.08974473 -0.02545034
  0.50366388 -0.2480732  -0.6379618  -0.61950409 -0.02537058  0.4001314
 -0.66841956 -0.10349342]
[-0.37737031 -0.48772236 -0.17361963 -0.27259857 -0.08974473  0.40338466
  0.66406369 -0.08609808 -0.6379618  -0.61950409 -0.02537058  0.42538278
 -0.47462682  0.13632522]
[-0.39082703 -0.48772236 -0.17361963 -0.27259857 -0.08974473 -0.8247076
  0.32187742  0.07740375 -0.6379618  -0.61950409 -0.02537058  0.43339734
 -0.16287327 -0.69213919]
[-0.3832969  -0.48772236 -0.17361963 -0.27259857 -0.08974473 -0.52694509
  0.51792164  0.10297626 -0.6379618  -0.61950409 -0.02537058  0.37059828
  0.79626039 -0.51772563]
[-0.39179753 -0.48772236 -0.17361963 -0.27259857 -0.08974473 -0.71500563
  0.108011    0.11876824 -0.6379618  -0.61950409 -0.02537058  0.43866719
  0.46063382 -0.29970868]
[-0.37355114 -0.48772236 -0.17361963 -0.27259857 -0.08974473  0.13981498
 -0.05238882 -0.11939959 -0.6379618  -0.61950409 -0.02537058  0.42011292
 -0.32296293  0.06001929]
[-0.36500396 -0.48772236 -0.17361963 -0.27259857 -0.08974473 -0.24342959
 -0.35180181  0.10455069 -0.6379618  -0.61950409 -0.02537058  0.43131136
  0.00985504 -0.16889851]
[-0.40082996 -0.48772236 -0.54607855 -0.27259857 -0.53429095  0.20250182
 -0.58349044  0.36146851 -0.52300145 -0.72060205  0.53076714  0.43866719
 -0.76672023  0.13632522]
[-0.39920198 -0.48772236 -0.54607855 -0.27259857 -0.53429095  0.13126677
 -0.51220163  0.36146851 -0.52300145 -0.72060205  0.53076714  0.43866719
 -0.81306197  0.06001929]
[-0.37947191 -0.48772236 -0.54607855 -0.27259857 -0.53429095 -0.34600807
 -0.669037    0.4476803  -0.52300145 -0.72060205  0.53076714  0.43866719
 -0.69650547 -0.23430359]
[-0.38729412 -0.48772236 -0.54607855 -0.27259857 -0.53429095 -0.8204335
  0.20068645  0.4476803  -0.52300145 -0.72060205  0.53076714  0.37531919
 -0.12917019 -0.4414197 ]
[-0.3806414  -0.48772236 -0.54607855 -0.27259857 -0.53429095  0.18683011
 -1.01835216  0.4476803  -0.52300145 -0.72060205  0.53076714  0.43866719
 -0.91838412  0.2671354 ]
[-0.39800689 -0.48772236 -0.54607855 -0.27259857 -0.53429095  0.20962533
 -1.92372001  0.7791687  -0.52300145 -0.72060205  0.53076714  0.40331527
 -1.06443082  0.22353201]
[-0.38501914 -0.48772236 -0.54607855 -0.27259857 -0.53429095  0.04008591
 -1.41756948  0.7791687  -0.52300145 -0.72060205  0.53076714  0.43866719
 -0.91417123  0.04911844]
[-0.39228511 -0.48772236 -0.54607855 -0.27259857 -0.53429095 -0.28617062
 -0.89003231  0.7791687  -0.52300145 -0.72060205  0.53076714  0.43866719
  0.01828082 -0.03808834]
[-0.41263309 -0.48772236 -1.15797535 -0.27259857 -0.8219385  -0.59248134
 -1.52806713  0.68312866 -0.6379618   0.12981015 -0.72054273  0.27991291
 -0.37773045 -0.35421292]
[-0.41250858 -0.48772236 -1.15797535 -0.27259857 -0.8219385   0.07000463
 -1.834609    0.68312866 -0.6379618   0.12981015 -0.72054273  0.20053578
 -0.7470601   0.00551505]
[-0.41504539 -0.48772236 -1.15797535 -0.27259857 -0.8219385  -0.19926386
 -1.29994295  0.99753692 -0.6379618   0.12981015 -0.72054273  0.12763616
 -0.50130843 -0.29970868]
[-0.41448799  1.01446252 -0.74117608 -0.27259857 -1.0145752  -0.8232829
 -1.43539168  1.36351957 -0.98284286 -0.61950409 -0.72054273  0.40704808
 -0.03227381 -0.59403156]
[-0.41629982  1.01446252 -0.74117608 -0.27259857 -1.0145752  -0.36025508
 -1.61717814  1.36351957 -0.98284286 -0.61950409 -0.72054273  0.05824978
 -0.67824963 -0.34331207]
[-0.41441817 -0.48772236 -0.86976309 -0.27259857 -0.34252591  0.04578471
 -1.08964097  1.27654442 -0.52300145 -1.09525917  0.80883601  0.35972921
 -0.98017311 -0.03808834]
[-0.41598331 -0.48772236 -0.86976309 -0.27259857 -0.34252591  0.0372365
 -1.07538321  1.27654442 -0.52300145 -1.09525917  0.80883601  0.35632576
 -0.82991352 -0.20160105]
[-0.41572381 -0.48772236 -0.86976309 -0.27259857 -0.34252591 -0.35170687
 -1.21796082  1.05082888 -0.52300145 -1.09525917  0.80883601  0.43866719
 -0.65297231 -0.15799766]
[-0.41634521 -0.48772236 -0.86976309 -0.27259857 -0.34252591 -0.59105664
 -0.79735686  0.6910008  -0.52300145 -1.09525917  0.80883601  0.43866719
 -0.40160346 -0.33241122]
[-0.41679439 -0.48772236 -0.86976309 -0.27259857 -0.34252591 -0.55401441
 -0.32328629  0.87415911 -0.52300145 -1.09525917  0.80883601  0.41572138
 -0.29487703 -0.4414197 ]
[-0.41648601 -0.48772236 -0.86976309 -0.27259857 -0.34252591 -0.32036345
 -1.11815649  0.49114402 -0.52300145 -1.09525917  0.80883601  0.43032326
 -0.58275755 -0.2125019 ]
[-0.41393641 -0.48772236 -0.86976309 -0.27259857 -0.34252591 -0.42579132
 -0.82943682  0.49114402 -0.52300145 -1.09525917  0.80883601  0.43866719
 -0.41002924 -0.38691546]
[-0.41317536 -0.48772236 -0.86976309 -0.27259857 -0.34252591 -0.45001124
 -0.36249513  0.49114402 -0.52300145 -1.09525917  0.80883601  0.43866719
 -0.47322252 -0.419618  ]
[-0.41881918  1.01446252 -1.41219335 -0.27259857 -0.97883717  1.36363314
 -0.69042365  1.5530233  -0.98284286 -0.73844286 -1.36937007  0.41495286
 -1.00685472  1.10650066]
[-0.41742626 -0.48772236 -1.35750692 -0.27259857 -0.31637613  0.36491773
 -0.31972185  1.18517996 -0.98284286  0.08223464 -1.18399083  0.36247392
 -0.56309742 -0.65943665]
[-0.41737389  1.87285388 -1.07816272 -0.27259857 -0.61274028  0.58717109
 -0.43734838  0.93002741 -0.52300145 -0.22700616 -0.39612906  0.43866719
 -0.76952882  0.14722607]
[-0.41678508  1.87285388 -1.07816272 -0.27259857 -0.61274028  0.84076787
 -1.446085    1.27988412 -0.52300145 -0.22700616 -0.39612906  0.340626
 -1.1304327   0.94298795]
[-0.4167106  -0.48772236 -0.98800402 -0.27259857 -0.97883717 -0.38447499
 -0.71893917  2.01852881 -0.75292215 -0.33405105  0.16000866  0.31504526
 -0.29908991 -0.55042817]
[-4.13162563e-01 -4.87722365e-01 -9.88004017e-01 -2.72598567e-01
 -9.78837166e-01 -5.49740311e-01 -5.83490435e-01  2.01852881e+00
 -7.52922151e-01 -3.34051049e-01  1.60008663e-01  8.41598858e-02
  1.42927284e-03 -5.83130717e-01]
[-0.41815705  3.16044092 -1.0234763  -0.27259857 -1.09215287  0.33072491
 -1.46034277  2.26743137 -0.6379618  -0.33999799 -0.25709463  0.3895917
 -0.88468103  0.06001929]
[-0.41858644  2.94584308 -1.33977078 -0.27259857 -1.03985331  0.50026433
 -1.38905396  2.17616233 -0.6379618  -0.76223061 -0.67419792  0.3732332
 -0.93663996  0.21263116]
[-0.41695963  1.22906036 -1.45209966 -0.27259857 -1.09215287  0.93337344
 -1.21796082  2.3899504  -0.98284286 -0.435149    0.57711195  0.36126625
 -0.95068291  0.44154896]
[-0.41310554  1.22906036 -1.45209966 -0.27259857 -1.09215287  0.29368268
 -0.86508122  2.3899504  -0.98284286 -0.435149    0.57711195  0.43866719
 -0.93804425  0.0382176 ]
[-0.41108192  2.08745172 -1.38706715 -0.27259857 -1.24905153  0.42048107
 -1.16805866  3.30512173 -0.6379618   0.01681832 -0.07171539  0.15189944
 -1.00685472  0.16902777]
[-0.41190347  2.08745172 -1.38706715 -0.27259857 -1.24905153 -0.56968612
 -1.78827128  3.30512173 -0.6379618   0.01681832 -0.07171539  0.38849382
 -0.68386681 -0.43051885]
[-0.4183444   3.37503876 -1.33829277 -0.27259857 -1.25776813  0.63276152
 -1.16092977  3.98078936 -0.52300145 -1.31529589 -0.67419792  0.30209021
 -1.14587995  0.82307862]
[-0.41532816  2.94584308 -1.35455089 -0.27259857 -1.23161835 -0.88454505
 -1.66708031  3.2456752  -0.6379618  -0.44109594  1.64304259  0.2838653
 -0.64735513 -0.47412224]
[-0.40792953  2.94584308 -1.35455089 -0.27259857 -1.23161835 -0.49560167
 -1.75262688  3.2456752  -0.6379618  -0.44109594  1.64304259  0.20964823
 -0.99562036 -0.2125019 ]
[ 0.62498952 -0.48772236  1.03834988  3.66839786  1.88020519 -0.10238419
  1.02407217 -0.79225234  1.66124525  1.53328761  0.80883601  0.2282025
  0.69374683 -0.51772563]
[ 0.02764601 -0.48772236  1.03834988  3.66839786  1.88020519  0.15833609
  0.79594799 -0.60952341  1.66124525  1.53328761  0.80883601  0.37762475
  0.08568699 -0.09259258]
[ 0.18498272 -0.48772236  1.03834988  3.66839786  1.88020519 -0.22348378
  0.52505052 -0.50575438  1.66124525  1.53328761  0.80883601  0.42252827
 -0.16568186  0.0164159 ]
[ 7.55439440e-02 -4.87722365e-01  1.03834988e+00 -2.72598567e-01
  1.88020519e+00 -2.44854295e-01  4.50197272e-01 -6.07662726e-01
  1.66124525e+00  1.53328761e+00  8.08836005e-01  3.71037432e-01
  1.42927284e-03  5.51505333e-03]
[ 0.10819777 -0.48772236  1.03834988 -0.27259857  1.88020519  0.16261019
  0.68901478 -0.60332113  1.66124525  1.53328761  0.80883601  0.19339952
 -0.68386681  0.2671354 ]
[ 0.02614952 -0.48772236  1.03834988 -0.27259857  1.88020519 -0.04682086
  0.79951243 -0.70957108  1.66124525  1.53328761  0.80883601 -0.06910496
  0.21488215 -0.28880783]
[ 0.00769135 -0.48772236  1.03834988 -0.27259857  1.88020519 -1.31338005
  0.98129889 -0.80112638  1.66124525  1.53328761  0.80883601  0.2617978
 -0.34683595 -0.1907002 ]
[ 0.07101493 -0.48772236  1.03834988  3.66839786  1.88020519 -0.68508691
  0.72465918 -0.89602137  1.66124525  1.53328761  0.80883601 -0.0428655
  0.27807544 -0.62673411]
[-0.0160406  -0.48772236  1.03834988  3.66839786  1.42694237  3.55624799
  0.50722832 -0.89602137  1.66124525  1.53328761  0.80883601 -0.02628742
 -1.03494062 -0.07079088]
[ 0.10982109 -0.48772236  1.03834988 -0.27259857  1.42694237 -3.87926656
  0.68545034 -1.03509574  1.66124525  1.53328761  0.80883601 -0.02464059
 -0.77795459  0.53965659]
[ 0.00987091 -0.48772236  1.03834988 -0.27259857  1.42694237 -1.88183575
  0.81020575 -0.96873126  1.66124525  1.53328761  0.80883601 -0.44919301
  0.18820054 -0.07079088]
[ 1.15320853 -0.48772236  1.03834988 -0.27259857  0.66859882 -3.44900686
  1.11674762 -1.0840461   1.66124525  1.53328761  0.80883601 -2.47599989
  0.09411276  0.06001929]
[ 0.14965943 -0.48772236  1.03834988 -0.27259857  0.66859882 -1.87186284
  1.11674762 -1.16901743  1.66124525  1.53328761  0.80883601  0.20393922
 -1.32001256  2.9923473 ]
[ 0.23946704 -0.48772236  1.03834988  3.66839786  0.66859882  0.56864998
  1.00268553 -1.15747163  1.66124525  1.53328761  0.80883601  0.20185324
 -1.25401068  2.9923473 ]
[ 0.34056461 -0.48772236  1.03834988  3.66839786  0.66859882  1.04307541
  1.02763661 -1.23108801  1.66124525  1.53328761  0.80883601  0.38541974
 -1.36214142  2.9923473 ]
[ 0.65400453 -0.48772236  1.03834988 -0.27259857  0.66859882 -0.09668539
  1.11674762 -1.24697541  1.66124525  1.53328761  0.80883601  0.10106733
 -0.43951944  2.9923473 ]
[ 0.54170429 -0.48772236  1.03834988  3.66839786  0.99111275 -0.58250843
  0.74604582 -1.26582082  1.66124525  1.53328761  0.80883601 -0.0995164
 -0.53079863  2.9923473 ]
[ 0.87228628 -0.48772236  1.03834988 -0.27259857  0.99111275 -1.96304371
  1.11674762 -1.2445422   1.66124525  1.53328761  0.80883601  0.43866719
  3.10492178 -0.95375954]
[ 1.73225212 -0.48772236  1.03834988 -0.27259857  0.99111275 -3.05721408
  1.11674762 -1.26229029  1.66124525  1.53328761  0.80883601  0.43866719
  3.55429626 -0.95375954]
[ 1.86152454 -0.48772236  1.03834988 -0.27259857  1.01726252  1.46621161
  1.04189437 -1.17674643  1.66124525  1.53328761  0.80883601  0.43866719
  0.10956001 -0.82294936]
[ 1.35868988 -0.48772236  1.03834988 -0.27259857  1.01726252  0.52021014
  0.87793012 -1.1631014   1.66124525  1.53328761  0.80883601  0.0667035
  1.48576935 -0.94285869]
[ 0.72279971 -0.48772236  1.03834988 -0.27259857  1.01726252  0.72679179
  1.07397434 -1.15685141  1.66124525  1.53328761  0.80883601  0.43866719
  1.2049103  -1.00826377]
[ 2.33154362 -0.48772236  1.03834988 -0.27259857  1.01726252  0.13696557
  0.98129889 -1.14344492  1.66124525  1.53328761  0.80883601  0.43866719
  1.54896264 -1.03006547]
[ 1.65876619 -0.48772236  1.03834988 -0.27259857  1.01726252 -0.08671248
  1.11674762 -1.14344492  1.66124525  1.53328761  0.80883601  0.403974
  1.28074225 -1.34619005]
[ 9.93358536 -0.48772236  1.03834988 -0.27259857  1.01726252  0.97468976
  0.82802795 -1.12894111  1.66124525  1.53328761  0.80883601  0.43866719
  0.63897932 -1.32438835]
[ 1.42692765 -0.48772236  1.03834988 -0.27259857  1.01726252  0.37204124
  1.08466766 -1.07994304  1.66124525  1.53328761  0.80883601  0.43866719
  1.18244158 -1.26988412]
[ 0.64873542 -0.48772236  1.03834988 -0.27259857  1.27004371 -1.06548207
  1.11674762 -1.05074458  1.66124525  1.53328761  0.80883601  0.43866719
  1.53632398 -1.22628073]
[ 0.50973005 -0.48772236  1.03834988 -0.27259857  1.27004371 -1.08827729
  1.11674762 -1.07331137  1.66124525  1.53328761  0.80883601  0.43866719
  1.67113633 -1.11727225]
[ 1.91689209 -0.48772236  1.03834988 -0.27259857  1.27004371 -2.72953285
  0.80307687 -1.11796784  1.66124525  1.53328761  0.80883601 -0.78075451
  2.52354355 -1.49880192]
[ 1.53601034 -0.48772236  1.03834988 -0.27259857  1.27004371 -1.43447963
  1.04902325 -1.12436096  1.66124525  1.53328761  0.80883601  0.43866719
  2.54882086 -1.67321548]
[ 2.41830707 -0.48772236  1.03834988 -0.27259857  1.27004371 -2.32491776
  1.11674762 -1.10475219  1.66124525  1.53328761  0.80883601  0.43866719
  2.19353416 -1.31348751]
[ 2.20922997 -0.48772236  1.03834988 -0.27259857  1.27004371 -1.82912181
  0.74248138 -1.08032472  1.66124525  1.53328761  0.80883601  0.43866719
  2.7145277  -1.65141378]
[ 1.24764058 -0.48772236  1.03834988 -0.27259857  1.27004371 -2.00008593
  1.11674762 -1.04640298  1.66124525  1.53328761  0.80883601  0.17539419
  2.52213925 -1.34619005]
[ 0.52826271 -0.48772236  1.03834988 -0.27259857  1.27004371 -1.27348842
  1.07753878 -0.98027706  1.66124525  1.53328761  0.80883601  0.43866719
  1.15014279 -1.20447903]
[ 0.38983335 -0.48772236  1.03834988 -0.27259857  1.27004371 -0.81331
  1.00981441 -0.88562061  1.66124525  1.53328761  0.80883601  0.41154942
  0.62493636 -0.81204852]
[ 0.19560472 -0.48772236  1.03834988 -0.27259857  1.27004371 -0.33176106
  0.49297056 -0.77049662  1.66124525  1.53328761  0.80883601  0.23533875
  0.85664508  0.07092014]
[ 0.92695563 -0.48772236  1.03834988 -0.27259857  1.27004371 -1.77783258
  1.00981441 -0.96028661  1.66124525  1.53328761  0.80883601  0.43866719
  1.8284174  -1.40069429]
[ 0.5856341  -0.48772236  1.03834988 -0.27259857  1.20902756 -0.12945351
  0.85297903 -0.95017211  1.66124525  1.53328761  0.80883601  0.43866719
  0.35250309 -0.95375954]
[ 1.13431049 -0.48772236  1.03834988 -0.27259857  1.20902756 -0.56541202
  0.92783228 -0.95451371  1.66124525  1.53328761  0.80883601  0.43866719
  0.51820993 -1.07366886]
[ 0.59401138 -0.48772236  1.03834988 -0.27259857  1.20902756  0.26661337
  1.07397434 -0.9814221   1.66124525  1.53328761  0.80883601  0.38465122
  0.62634066 -1.03006547]
[ 0.26298138 -0.48772236  1.03834988 -0.27259857  1.20902756  0.1725831
  0.97417001 -1.00475224  1.66124525  1.53328761  0.80883601  0.43866719
  0.94230709 -1.09547055]
[ 0.47243899 -0.48772236  1.03834988 -0.27259857  1.20902756 -0.76487016
  1.07753878 -1.02545834  1.66124525  1.53328761  0.80883601  0.39694754
  1.01954333 -1.53150446]
[ 4.04256158 -0.48772236  1.03834988 -0.27259857  1.20902756 -1.18373226
  1.11674762 -1.09406517  1.66124525  1.53328761  0.80883601  0.43866719
  2.51792636 -1.91303413]
[ 0.73362885 -0.48772236  1.03834988 -0.27259857  1.20902756 -0.61527656
  0.32544186 -1.08891251  1.66124525  1.53328761  0.80883601 -0.20623089
  2.43086006 -1.77132311]
[ 2.49421344 -0.48772236  1.03834988 -0.27259857  1.20902756 -0.42294192
  1.11674762 -1.04673695  1.66124525  1.53328761  0.80883601  0.43866719
  1.98148558 -1.84762904]
[ 1.23629477 -0.48772236  1.03834988 -0.27259857  1.20902756  0.08425164
  1.11674762 -1.05375031  1.66124525  1.53328761  0.80883601  0.43866719
  1.07571514 -1.67321548]
[ 0.69629357 -0.48772236  1.03834988 -0.27259857  1.20902756  0.1711584
  1.11674762 -1.02278658  1.66124525  1.53328761  0.80883601  0.21041675
  1.07431085 -1.13907395]
[ 2.46577328 -0.48772236  1.03834988 -0.27259857  1.20902756 -1.33190116
  0.97417001 -0.99234766  1.66124525  1.53328761  0.80883601  0.43866719
  0.9984789  -1.55330615]
[ 4.41230698 -0.48772236  1.03834988 -0.27259857  1.20902756 -1.07260558
  0.59633933 -1.03786291  1.66124525  1.53328761  0.80883601 -0.30174695
  2.06714759 -1.53150446]
[ 7.48342571 -0.48772236  1.03834988 -0.27259857  1.20902756 -0.85605103
  1.11674762 -1.12469493  1.66124525  1.53328761  0.80883601  0.30768942
  1.44925768 -1.91303413]
[ 1.99035475 -0.48772236  1.03834988 -0.27259857  0.91266341 -3.05721408
  1.11674762 -1.24268152  1.66124525  1.53328761  0.80883601  0.14575128
  1.49981231 -1.16087564]
[ 0.9703839  -0.48772236  1.03834988 -0.27259857  0.91266341 -0.9629036
  1.11674762 -1.19158421  1.66124525  1.53328761  0.80883601 -0.27287256
 -0.07440267  0.58325998]
[ 0.44123743 -0.48772236  1.03834988 -0.27259857  0.37223468 -0.95008129
  1.04189437 -1.11071593  1.66124525  1.53328761  0.80883601 -0.46445362
  1.92952665 -0.58313072]
[ 1.2598126  -0.48772236  1.03834988 -0.27259857  0.37223468  0.80942445
  1.11674762 -1.10556326  1.66124525  1.53328761  0.80883601 -1.94967346
  0.9998832   0.53965659]
[ 5.5302009  -0.48772236  1.03834988 -0.27259857  0.37223468 -0.75062315
  1.11674762 -1.13061096  1.66124525  1.53328761  0.80883601 -3.89029631
 -0.35807031 -0.82294936]
[ 1.21470864 -0.48772236  1.03834988 -0.27259857  0.37223468  0.53160775
  1.11674762 -1.07598312  1.66124525  1.53328761  0.80883601 -3.53403239
  1.20210171 -0.58313072]
[ 1.76865181 -0.48772236  1.03834988 -0.27259857  0.37223468 -2.35911059
  1.11674762 -1.06338771  1.66124525  1.53328761  0.80883601 -3.60276003
  3.04874997 -0.50682478]
[ 2.91426442 -0.48772236  1.03834988 -0.27259857  0.37223468 -1.60829316
  1.11674762 -1.04645069  1.66124525  1.53328761  0.80883601 -1.60263178
  1.04201205 -0.68123835]
[ 4.90301616 -0.48772236  1.03834988 -0.27259857  1.20902756 -2.514403
  1.11674762 -1.01362628  1.66124525  1.53328761  0.80883601 -2.94973759
  3.41527103 -1.69501717]
[ 1.68412262 -0.48772236  1.03834988 -0.27259857  1.08699526  0.21389943
  1.11674762 -0.9294183   1.66124525  1.53328761  0.80883601 -3.61966747
  2.3016649  -1.67321548]
[ 0.84041328 -0.48772236  1.03834988 -0.27259857  1.08699526  0.70969538
  0.78881911 -0.93667021  1.66124525  1.53328761  0.80883601 -3.68202739
  1.84386464 -1.64051294]
[ 2.59830398 -0.48772236  1.03834988 -0.27259857  1.08699526 -1.39601271
  0.72822362 -1.01873124  1.66124525  1.53328761  0.80883601 -2.52057405
  1.96322974 -1.32438835]
[ 8.13663017 -0.48772236  1.03834988 -0.27259857  1.08699526 -0.46568295
  1.11674762 -0.94473318  1.66124525  1.53328761  0.80883601 -3.73823914
  1.117844   -1.49880192]
[ 0.95423212 -0.48772236  1.03834988 -0.27259857  1.42694237  0.76953282
  0.27910413 -0.94883623  1.66124525  1.53328761  0.80883601 -3.3869157
  1.41555459 -1.54240531]
[ 0.86987748 -0.48772236  1.03834988 -0.27259857  1.42694237  0.18113131
  1.11674762 -0.91787251  1.66124525  1.53328761  0.80883601 -0.41933052
  0.33143866 -0.63763496]
[ 0.39686659 -0.48772236  1.03834988 -0.27259857  1.42694237 -0.3958726
  0.94921892 -0.91038205  1.66124525  1.53328761  0.80883601 -0.40582652
  0.42693073 -0.91015615]
[ 0.98168316 -0.48772236  1.03834988 -0.27259857  0.52041675 -0.90591556
  0.67475701 -0.87383627  1.66124525  1.53328761  0.80883601 -0.71795544
  0.20224349 -0.1907002 ]
[ 0.40010509 -0.48772236  1.03834988 -0.27259857  0.52041675 -0.2576766
  0.58564601 -0.84015308  1.66124525  1.53328761  0.80883601 -3.89117462
  1.49279083 -0.99736293]
[ 0.60278198 -0.48772236  1.03834988 -0.27259857  0.25891897 -1.02416575
  0.06880215 -0.82025805  1.66124525  1.53328761  0.80883601 -3.87876851
  0.63195784 -1.18267734]
[ 1.42528687 -0.48772236  1.03834988 -0.27259857  1.08699526 -0.55258971
  0.95278336 -0.89368359  1.66124525  1.53328761  0.80883601 -3.83452372
  1.64726331 -1.55330615]
[ 1.00484025 -0.48772236  1.03834988 -0.27259857  0.25891897 -0.63664707
 -0.31972185 -0.85169887  1.66124525  1.53328761  0.80883601 -3.6482125
  0.42552644 -1.34619005]
[ 3.96227979 -0.48772236  1.03834988 -0.27259857  1.08699526 -0.11663121
  0.35752182 -0.91596411  1.66124525  1.53328761  0.80883601 -3.71221924
  0.26122389 -1.26988412]
[ 0.43695745 -0.48772236  1.03834988 -0.27259857  1.08699526 -0.12945351
  0.33613518 -0.88127901  1.66124525  1.53328761  0.80883601 -2.85685646
  1.24423057 -1.25898327]
[ 0.66640812 -0.48772236  1.03834988 -0.27259857  1.08699526  0.13696557
  0.95991224 -0.86572558  1.66124525  1.53328761  0.80883601 -3.25220511
  1.60373016 -1.42249598]
[ 0.56787296 -0.48772236  1.03834988 -0.27259857  0.25891897  0.09137514
  0.62129041 -0.82541072  1.66124525  1.53328761  0.80883601 -3.00265568
  0.69936401 -0.8774536 ]
[ 0.75058938 -0.48772236  1.03834988 -0.27259857  0.25891897  0.78235513
  0.91357452 -0.8084737   1.66124525  1.53328761  0.80883601 -3.02593086
  0.98724454 -0.92105699]
[ 0.32954346 -0.48772236  1.03834988 -0.27259857  0.25891897  0.20107712
  0.21850865 -0.75494319  1.66124525  1.53328761  0.80883601 -2.84346225
 -0.08844562 -0.70304004]
[ 0.22912083 -0.48772236  1.03834988 -0.27259857  1.38335941  0.21674883
  0.68545034 -0.69988597  1.66124525  1.53328761  0.80883601 -2.81886961
  0.49995409 -0.8992553 ]
[ 1.19873141 -0.48772236  1.03834988 -0.27259857  1.38335941 -0.108083
  0.9385256  -0.74454243  1.66124525  1.53328761  0.80883601 -2.81403891
  0.35250309 -1.18267734]
[ 0.87837229 -0.48772236  1.03834988 -0.27259857  1.61870741  0.49171612
  0.92426784 -0.79105959  1.66124525  1.53328761  0.80883601 -2.71281385
  1.48998224 -0.99736293]
[ 1.25777617 -0.48772236  1.03834988 -0.27259857  1.61870741  0.25236636
  0.87793012 -0.84931338  1.66124525  1.53328761  0.80883601 -3.61703255
  0.75694012 -1.41159514]
[ 1.34579638 -0.48772236  1.03834988 -0.27259857  1.61870741 -0.18786626
  1.11674762 -0.89148893  1.66124525  1.53328761  0.80883601 -3.81651839
  1.93654813 -1.50970276]
[ 1.17135019 -0.48772236  1.03834988 -0.27259857  1.61870741 -0.49702637
  0.68545034 -0.9361454   1.66124525  1.53328761  0.80883601 -3.16184912
  2.99959964 -1.54240531]
[ 0.67242897 -0.48772236  1.03834988 -0.27259857  1.61870741 -0.93583428
  0.89931676 -0.93776754  1.66124525  1.53328761  0.80883601  0.43866719
  1.43521472 -1.06276801]
[ 2.14569344 -0.48772236  1.03834988 -0.27259857  1.61870741 -0.66371639
  0.84585015 -0.91438968  1.66124525  1.53328761  0.80883601  0.37883242
  1.32708399 -1.31348751]
[ 0.71124327 -0.48772236  1.03834988 -0.27259857  1.61870741  0.1740078
  1.01694329 -0.81949469  1.66124525  1.53328761  0.80883601  0.31855849
  0.96337152 -0.59403156]
[ 0.23904696 -0.48772236  1.03834988 -0.27259857  1.61870741 -0.09241129
  1.11674762 -0.84826376  1.66124525  1.53328761  0.80883601  0.42538278
  0.55191301 -0.45232055]
[ 0.73944605 -0.48772236  1.03834988 -0.27259857  1.61870741  0.28655918
  1.11674762 -0.86085917  1.66124525  1.53328761  0.80883601  0.32701221
  0.86928374 -0.77934597]
[ 1.06943573 -0.48772236  1.03834988 -0.27259857  1.61870741 -0.61242715
  0.99555665 -0.90036297  1.66124525  1.53328761  0.80883601 -1.27820654
  1.56300559 -1.28078496]
[ 0.82151524 -0.48772236  1.03834988 -0.27259857  1.61870741  0.24951695
  0.93139672 -0.85632673  1.66124525  1.53328761  0.80883601 -3.44609174
  1.5896872  -1.17177649]
[ 0.31139249 -0.48772236  1.03834988 -0.27259857  1.61870741  0.08140223
  0.98842777 -0.81620271  1.66124525  1.53328761  0.80883601 -0.42745487
  0.72042844 -0.83385021]
[ 0.7345947  -0.48772236  1.03834988 -0.27259857  1.61870741 -0.04682086
  0.99555665 -0.75608823  1.66124525  1.53328761  0.80883601  0.34666437
  0.53084858 -1.08456971]
[ 0.66526772 -0.48772236  1.03834988 -0.27259857  1.38335941 -0.14085112
  1.0704099  -0.72574473  1.66124525  1.53328761  0.80883601  0.43866719
  0.76817448 -0.92105699]
[ 0.45544821 -0.48772236  1.03834988 -0.27259857  1.38335941  0.18967951
  1.05615213 -0.76229052  1.66124525  1.53328761  0.80883601 -0.57896311
  0.93388132 -1.04096632]
[ 0.3613897  -0.48772236  1.03834988 -0.27259857  1.38335941  0.66268024
  0.85297903 -0.69616459  1.66124525  1.53328761  0.80883601 -3.91532811
  0.67127811 -0.99736293]
[ 0.21283755 -0.48772236  1.03834988 -0.27259857  1.38335941  0.52875835
  1.05258769 -0.68108827  1.66124525  1.53328761  0.80883601 -0.01816307
  0.71200267 -0.80114767]
[ 0.17199613 -0.48772236  1.03834988 -0.27259857  1.38335941  0.01871539
  0.82446351 -0.67488598  1.66124525  1.53328761  0.80883601  0.30900689
  0.64740509 -0.70304004]
[ 0.53947469 -0.48772236  1.03834988 -0.27259857  1.38335941  1.58018769
  1.09179654 -0.63457111  1.66124525  1.53328761  0.80883601  0.20778182
  0.57297744 -0.51772563]
[ 0.68674214 -0.48772236  1.03834988 -0.27259857  1.38335941  0.63276152
  0.90644564 -0.61386501  1.66124525  1.53328761  0.80883601 -3.84550257
  0.8496236  -0.83385021]
[ 0.13268726 -0.48772236  1.03834988 -0.27259857  1.38335941  0.34354722
  0.63554817 -0.64263408  1.66124525  1.53328761  0.80883601 -3.35979792
  0.76817448 -0.92105699]
[ 0.12296594 -0.48772236  1.03834988 -0.27259857  1.38335941 -0.43861363
  0.68545034 -0.57355015  1.66124525  1.53328761  0.80883601 -3.80378291
  0.89175246 -1.07366886]
[ 0.53394608 -0.48772236  1.03834988 -0.27259857  1.38335941 -0.49560167
  0.41455287 -0.47879828  1.66124525  1.53328761  0.80883601 -3.88041534
  0.60106335 -0.98646208]
[ 0.48177281 -0.48772236  1.03834988 -0.27259857  1.38335941  0.02441419
  0.53574384 -0.4769376   1.66124525  1.53328761  0.80883601 -0.93028655
  0.50135838 -0.83385021]
[ 0.37110055 -0.48772236  1.03834988 -0.27259857  1.38335941 -0.28902003
  0.56069492 -0.50823529  1.66124525  1.53328761  0.80883601  0.43866719
  0.28650121 -0.27790698]
[ 0.13964137 -0.48772236  1.03834988 -0.27259857  1.38335941  0.5942946
  0.76030358 -0.56548717  1.66124525  1.53328761  0.80883601 -1.11670755
  0.52803999 -0.6703375 ]
[ 0.00942405 -0.48772236  1.03834988 -0.27259857  1.38335941  0.13126677
  0.70327254 -0.57999098  1.66124525  1.53328761  0.80883601  0.37861284
  0.27947973 -0.52862648]
[ 0.35408183 -0.48772236  1.03834988 -0.27259857  1.38335941  0.04720941
  0.51079276 -0.50017232  1.66124525  1.53328761  0.80883601  0.43866719
  0.18679625 -0.33241122]
[ 0.25705828 -0.48772236  1.03834988 -0.27259857  1.38335941  0.32645081
  0.75673914 -0.46811126  1.66124525  1.53328761  0.80883601  0.40485231
 -0.332793   -0.25610529]
[ 0.49190724 -0.48772236  1.03834988 -0.27259857  0.87779704 -0.1066583
 -0.11654875 -0.39091664  1.66124525  1.53328761  0.80883601  0.43866719
  0.07866551 -0.12529512]
[-0.05219358 -0.48772236  1.03834988 -0.27259857  0.87779704 -0.74777375
 -0.72963249 -0.34172773  1.66124525  1.53328761  0.80883601 -0.2475114
  0.20645638 -0.28880783]
[ 0.01895104 -0.48772236  1.03834988 -0.27259857  0.87779704 -0.47280646
  0.57138824 -0.43476204  1.66124525  1.53328761  0.80883601 -3.67719669
  0.63055355 -0.38691546]
[ 0.09427559 -0.48772236  1.03834988 -0.27259857  0.25891897 -0.4001467
  0.9207034  -0.59277724  1.66124525  1.53328761  0.80883601 -0.28165565
  1.21614467 -0.37601461]
[ 1.39216875 -0.48772236  1.03834988 -0.27259857  0.2240526  -0.50984868
  0.08305991 -0.41715709  1.66124525  1.53328761  0.80883601  0.12950257
  0.76817448 -0.37601461]
[ 1.10118072 -0.48772236  1.03834988 -0.27259857  0.2240526  -0.81331
 -0.42665506 -0.45756738  1.66124525  1.53328761  0.80883601  0.43866719
  0.29492698 -0.26700614]
[ 0.08572375 -0.48772236  1.03834988 -0.27259857  0.2240526  -0.16649574
  0.54643716 -0.35751971  1.66124525  1.53328761  0.80883601  0.43866719
  0.50978415 -0.28880783]
[ 0.04960568 -0.48772236  1.03834988 -0.27259857 -0.19434384 -0.07816428
  0.78525467 -0.32607889  1.66124525  1.53328761  0.80883601  0.42143039
  0.02951518 -0.32151037]
[-0.00505553 -0.48772236  1.03834988 -0.27259857  0.2240526   0.21817353
  0.22563753 -0.42283457  1.66124525  1.53328761  0.80883601  0.39991183
  0.23875517  0.07092014]
[ 0.12041284 -0.48772236  1.03834988 -0.27259857  0.52041675  0.99178618
 -0.03813106 -0.59630777  1.66124525  1.53328761  0.80883601  0.19471698
 -0.14040455  0.79037608]
[ 0.51709726 -0.48772236  1.03834988 -0.27259857  0.25891897 -1.22077448
  0.95278336 -0.64549668  1.66124525  1.53328761  0.80883601 -0.04791577
  0.76957878 -0.95375954]
[ 0.32361688 -0.48772236  1.03834988 -0.27259857  0.25891897 -0.17361925
  1.02407217 -0.75227144  1.66124525  1.53328761  0.80883601 -0.59488245
  1.60653875 -1.00826377]
[ 0.14653962 -0.48772236  1.03834988 -0.27259857  0.52041675  0.28513448
  0.88862344 -0.70489551  1.66124525  1.53328761  0.80883601  0.43109178
  0.84541072 -0.63763496]
[ 1.3278991  -0.48772236  1.03834988 -0.27259857  0.52041675 -1.39601271
  1.02050773 -0.80250996  1.66124525  1.53328761  0.80883601 -0.08195023
  1.72028666 -1.14997479]
[ 0.77045327 -0.48772236  1.03834988 -0.27259857  0.52041675 -0.14085112
  0.99912109 -0.76920845  1.66124525  1.53328761  0.80883601  0.24983085
  0.75413153 -0.86655276]
[ 1.24764058 -0.48772236  1.03834988 -0.27259857  0.52041675 -0.07816428
  0.68901478 -0.87383627  1.66124525  1.53328761  0.80883601  0.28957431
  0.06321826 -0.12529512]
[ 0.25739109 -0.48772236  1.03834988 -0.27259857 -0.19434384 -0.05964316
 -0.14149983 -0.17106942  1.66124525  1.53328761  0.80883601  0.43866719
 -0.26959971  0.04911844]
[ 0.24391227 -0.48772236  1.03834988 -0.27259857 -0.19434384  0.66410495
  0.22207309 -0.21520107  1.66124525  1.53328761  0.80883601  0.39661817
 -0.69088829  0.12542438]
[ 0.24658639 -0.48772236  1.03834988 -0.27259857 -0.19434384  1.10718696
  0.29692634 -0.17755796  1.66124525  1.53328761  0.80883601  0.42088144
 -0.79340184  0.2671354 ]
[-0.0923659  -0.48772236  1.03834988 -0.27259857 -0.19434384 -0.74349965
 -1.01122328  0.15054303  1.66124525  1.53328761  0.80883601  0.39497134
 -0.31453716 -0.08169173]
[-0.14354539 -0.48772236  1.03834988 -0.27259857  0.25020238 -0.58820724
 -0.95419223 -0.02803513  1.66124525  1.53328761  0.80883601  0.15135049
  0.09551705 -0.2125019 ]
[ 0.00716187 -0.48772236  1.03834988 -0.27259857  0.25020238  0.04008591
 -0.5977482   0.09968428  1.66124525  1.53328761  0.80883601  0.34776225
 -0.29206843 -0.14709681]
[ 0.24200036 -0.48772236  1.03834988 -0.27259857  0.25020238 -0.24200489
  0.39673067 -0.11300647  1.66124525  1.53328761  0.80883601  0.39233642
  0.32582148 -0.37601461]
[ 0.14238066 -0.48772236  1.03834988 -0.27259857  0.25020238 -0.5397674
 -0.55141047 -0.30079264  1.66124525  1.53328761  0.80883601  0.34337071
 -0.16989475 -0.2125019 ]
[-0.40277795 -0.48772236  2.46315306 -0.27259857  0.47683379 -1.18230756
  0.85654347 -0.93600227 -0.6379618   1.80089984  0.76249119  0.41879546
  0.75834441 -0.80114767]
[-0.39899485 -0.48772236  2.46315306 -0.27259857  0.47683379 -1.2392956
  1.05615213 -0.96725226 -0.6379618   1.80089984  0.76249119 -0.14156542
  1.58828291 -1.69501717]
[-0.39619156 -0.48772236  2.46315306 -0.27259857  0.47683379 -1.69662462
  1.04545881 -0.9351912  -0.6379618   1.80089984  0.76249119 -0.42284375
  2.3901355  -1.57510785]
[-0.40802844 -0.48772236  2.46315306 -0.27259857  0.47683379 -0.42864073
  1.07397434 -0.9134832  -0.6379618   1.80089984  0.76249119  0.36412075
  0.75974871 -0.97556123]
[-0.40737911 -0.48772236  2.46315306 -0.27259857  0.47683379 -0.42864073
  0.52861496 -0.79812065 -0.6379618   1.80089984  0.76249119  0.43866719
  0.09692135 -0.26700614]
[-0.4001655  -0.48772236 -0.20465787 -0.27259857  0.26763557 -0.8218582
 -0.52289495 -0.66844514 -0.40804109 -0.10212045  0.3453879   0.43866719
 -0.09125421 -0.08169173]
[-0.38780031 -0.48772236 -0.20465787 -0.27259857  0.26763557 -0.50984868
 -0.92924115 -0.66844514 -0.40804109 -0.10212045  0.3453879   0.43866719
  0.13062444  0.21263116]
[-0.39950454 -0.48772236 -0.20465787 -0.27259857  0.26763557 -0.87457214
 -1.42113392 -0.46954256 -0.40804109 -0.10212045  0.3453879   0.39903352
  0.69374683  0.06001929]
[-0.38663315 -0.48772236 -0.20465787 -0.27259857  0.26763557 -1.27348842
  0.15078428 -0.46954256 -0.40804109 -0.10212045  0.3453879   0.43866719
  1.19086735 -0.31060953]
[-0.38910246 -0.48772236 -0.20465787 -0.27259857  0.26763557 -0.69790922
  0.06880215 -0.42464754 -0.40804109 -0.10212045  0.3453879   0.43866719
  0.20224349 -0.46322139]
[-0.39250737 -0.48772236 -0.20465787 -0.27259857  0.26763557 -0.37735149
 -0.12011319 -0.65537263 -0.40804109 -0.10212045  0.3453879   0.43866719
  0.03653665 -0.14709681]
[-0.39963952 -0.48772236 -0.20465787 -0.27259857  0.26763557 -1.01846694
  0.17217092 -0.65976194 -0.40804109 -0.10212045  0.3453879   0.42626108
  0.34267302 -0.55042817]
[-0.39422262 -0.48772236 -0.20465787 -0.27259857  0.26763557 -0.36595388
  0.39316623 -0.61286311 -0.40804109 -0.10212045  0.3453879   0.43866719
  0.23454228 -0.62673411]
[-0.41304503 -0.48772236  0.12641673 -0.27259857  0.16303646  0.44042689
  0.01533555 -0.62221425 -0.98284286 -0.80385918  1.17959449  0.384761
 -0.4198593  -0.01628664]
[-0.41506517 -0.48772236  0.12641673 -0.27259857  0.16303646 -0.23345669
  0.28623301 -0.71338787 -0.98284286 -0.80385918  1.17959449  0.43866719
 -0.50271272 -0.2125019 ]
[-0.41326264 -0.48772236  0.12641673 -0.27259857  0.16303646  0.98608737
  0.79594799 -0.77063975 -0.98284286 -0.80385918  1.17959449  0.43866719
 -0.98579029  0.14722607]
[-0.40758042 -0.48772236  0.12641673 -0.27259857  0.16303646  0.72679179
  0.7353525  -0.66501003 -0.98284286 -0.80385918  1.17959449  0.40079014
 -0.86782949 -0.05989003]
[-0.41481614 -0.48772236  0.12641673 -0.27259857  0.16303646 -0.36167978
  0.43237507 -0.60961883 -0.98284286 -0.80385918  1.17959449  0.43866719
 -0.67122815 -1.16087564]
